STOCHASTIC ESTIMATION FOR NETWORK 6groups_match4
ESTIMATION SETTINGS
Number of sub-phases in estimation (phase 2) = 5
starting a-value in estimation (phase 2) = 0.010000
Multiplication factor for estimation (phase 2) = 10
Number of steps in final simulation (phase 3) = 500
Number of estimation runs = 5000

STOCHASTIC APPROXIMATION RUN 1

original statistics:298.000000	60.000000	334.961304	336.765015	226.507813	162.671875	226.867188	210.554688	733.486979	205.000000	46.000000	
starting parameters:-3.612549	0.000000	0.000000	0.000000	0.000000	0.000000	0.000000	0.000000	0.000000	0.000000	0.000000	
Phase1 started with the following setup:
a = 0.010000
num of steps = 40
num of iterations in each step = 2929.077964
************************************
mean statistics in phase1:308.600000	7.550000	288.785718	291.386951	29.186719	27.073438	29.443750	28.880469	580.431120	117.000000	3.875000	
END PHASE1 parameter:-3.612549	0.000000	0.000000	0.000000	0.000000	0.000000	0.000000	0.000000	0.000000	0.000000	0.000000	
Phase 2 started


Subphase 0 started with a valued 0.010000

Subphase 0 has gone up to 218 steps
Parameter after Subphase 0:-3.34207	 0.76796	 0.15967	 0.52536	 1.55425	 0.17680	-0.69496	-0.10629	-0.39652	-0.37057	 1.47758	


Subphase 1 started with a valued 0.010000

Subphase 1 has gone up to 246 steps
Parameter after Subphase 1:-3.98564	 0.89073	 0.29895	 0.57038	 1.15335	 0.14749	-0.18341	-0.16496	-0.33999	-0.23631	 1.43706	


Subphase 2 started with a valued 0.005000

Subphase 2 has gone up to 315 steps
Parameter after Subphase 2:-4.32102	 1.05803	 0.37263	 0.50296	 0.90886	 0.09832	 0.05101	-0.12257	-0.27420	-0.13772	 1.26031	


Subphase 3 started with a valued 0.002500

Subphase 3 has gone up to 488 steps
Parameter after Subphase 3:-4.55036	 1.25686	 0.42407	 0.50918	 0.77668	 0.05817	 0.21075	-0.12116	-0.25918	-0.03497	 1.01275	


Subphase 4 started with a valued 0.001250

Subphase 4 has gone up to 926 steps
Parameter after Subphase 4:-4.74800	 1.38689	 0.45687	 0.51769	 0.74697	 0.02565	 0.24003	-0.10517	-0.23592	 0.03549	 0.92898	
END PHASE2 parameter:-4.748001	1.386893	0.456869	0.517690	0.746974	0.025650	0.240033	-0.105165	-0.235924	0.035492	0.928975	
Phase3 started with the following setup:
num of steps = 500
num of iterations in each step = 2929.077964
***************************************
mean statistics in phase3:1095.184000	353.870000	1899.074013	1913.929201	2026.270707	1912.120155	2026.559560	1918.050639	2986.008652	676.936000	256.092000	

Estimation Result for Network SUMMARY (parameter, standard error, t-statistics)
NOTE: t-statistics = (observation - sample mean)/standard error
effects	estimates	stderr	t-ratio
arc	-4.748001	0.26199	-3.40893	
reciprocity	1.386893	0.18323	-3.30425	
AinS(2.00)	0.456869	0.17624	-3.32017	
AoutS(2.00)	0.517690	0.19103	-3.33949	
AT-T(2.00)	0.746974	0.31767	-3.37663	
AT-C(2.00)	0.025650	0.21271	-3.41001	
AT-D(2.00)	0.240033	0.28543	-3.37883	
AT-U(2.00)	-0.105165	0.22334	-3.35133	
A2P-TDU(2.00)	-0.235924	0.01400	-3.73169	
group_matching	0.035492	0.12042	-3.78763	
group_matching_reciprocity	0.928975	0.23376	-3.86698	


Estimated Covariance Matrix
0.068638	-0.006601	-0.023539	-0.024487	0.022472	0.007244	-0.005745	-0.008821	-0.000458	-0.009496	0.009377	
-0.006601	0.033573	0.001857	-0.001032	0.000420	-0.003100	0.001076	-0.002314	0.000648	0.009461	-0.026227	
-0.023539	0.001857	0.031062	-0.013703	-0.006234	0.001611	0.002047	-0.003589	0.000110	0.004155	-0.003143	
-0.024487	-0.001032	-0.013703	0.036491	-0.014326	0.000385	0.001758	0.003115	-0.000446	0.001864	-0.000211	
0.022472	0.000420	-0.006234	-0.014326	0.100915	0.027332	-0.086060	-0.033977	-0.000208	-0.000959	-0.000208	
0.007244	-0.003100	0.001611	0.000385	0.027332	0.045244	-0.031246	-0.045840	-0.000452	0.000401	0.001501	
-0.005745	0.001076	0.002047	0.001758	-0.086060	-0.031246	0.081472	0.035035	0.000361	-0.000662	-0.000399	
-0.008821	-0.002314	-0.003589	0.003115	-0.033977	-0.045840	0.035035	0.049879	0.000443	-0.002827	0.002341	
-0.000458	0.000648	0.000110	-0.000446	-0.000208	-0.000452	0.000361	0.000443	0.000196	0.000136	-0.000006	
-0.009496	0.009461	0.004155	0.001864	-0.000959	0.000401	-0.000662	-0.002827	0.000136	0.014501	-0.023019	
0.009377	-0.026227	-0.003143	-0.000211	-0.000208	0.001501	-0.000399	0.002341	-0.000006	-0.023019	0.054642	



STOCHASTIC APPROXIMATION RUN 2

original statistics:298.000000	60.000000	334.961304	336.765015	226.507813	162.671875	226.867188	210.554688	733.486979	205.000000	46.000000	
starting parameters:-4.748001	1.386893	0.456869	0.517690	0.746974	0.025650	0.240033	-0.105165	-0.235924	0.035492	0.928975	
Phase1 started with the following setup:
a = 0.010000
num of steps = 40
num of iterations in each step = 2929.077964
************************************
mean statistics in phase1:374.700000	69.425000	444.693055	460.911626	319.736841	274.875903	319.427539	294.616052	943.447278	204.600000	52.250000	
END PHASE1 parameter:-4.748001	1.386893	0.456869	0.517690	0.746974	0.025650	0.240033	-0.105165	-0.235924	0.035492	0.928975	
Phase 2 started


Subphase 0 started with a valued 0.010000

Subphase 0 has gone up to 218 steps
Parameter after Subphase 0:-5.32746	 2.45155	 0.51479	 0.50911	 0.36463	-0.23977	 0.58297	 0.12215	-0.18667	 0.37212	 0.02113	


Subphase 1 started with a valued 0.010000

Subphase 1 has gone up to 246 steps
Parameter after Subphase 1:-5.34167	 2.82458	 0.47353	 0.53188	 0.38740	-0.32171	 0.60671	 0.12269	-0.20124	 0.44583	-0.35313	


Subphase 2 started with a valued 0.005000

Subphase 2 has gone up to 315 steps
Parameter after Subphase 2:-5.37244	 2.97989	 0.43597	 0.51375	 0.42538	-0.35239	 0.59432	 0.11973	-0.18084	 0.46252	-0.48773	


Subphase 3 started with a valued 0.002500

Subphase 3 has gone up to 488 steps
Parameter after Subphase 3:-5.34735	 3.00474	 0.42574	 0.47109	 0.43374	-0.36239	 0.59966	 0.13484	-0.17870	 0.52015	-0.47070	


Subphase 4 started with a valued 0.001250

Subphase 4 has gone up to 926 steps
Parameter after Subphase 4:-5.33387	 3.07478	 0.41688	 0.46412	 0.44499	-0.38641	 0.59904	 0.13682	-0.18108	 0.52182	-0.52101	
END PHASE2 parameter:-5.333865	3.074781	0.416876	0.464117	0.444994	-0.386411	0.599036	0.136821	-0.181077	0.521817	-0.521011	
Phase3 started with the following setup:
num of steps = 500
num of iterations in each step = 2929.077964
***************************************
mean statistics in phase3:230.920000	31.628000	210.272277	214.580727	86.990469	46.882156	86.723125	82.599023	410.991477	124.106000	18.772000	

Estimation Result for Network SUMMARY (parameter, standard error, t-statistics)
NOTE: t-statistics = (observation - sample mean)/standard error
effects	estimates	stderr	t-ratio
arc	-5.333865	0.26522	1.93832	
reciprocity	3.074781	0.38892	2.79576	
AinS(2.00)	0.416876	0.17305	2.41179	
AoutS(2.00)	0.464117	0.19000	2.33290	
AT-T(2.00)	0.444994	0.50058	3.53177	
AT-C(2.00)	-0.386411	0.13948	4.13309	
AT-D(2.00)	0.599036	0.35098	3.54747	
AT-U(2.00)	0.136821	0.36179	3.50457	
A2P-TDU(2.00)	-0.181077	0.07816	2.62614	
group_matching	0.521817	0.15992	3.06221	
group_matching_reciprocity	-0.521011	0.47784	3.39997	


Estimated Covariance Matrix
0.070339	-0.030485	-0.025698	-0.030531	0.013446	0.000345	0.006643	-0.005021	0.002544	-0.005601	0.004874	
-0.030485	0.151263	0.001677	-0.008542	0.002630	-0.012699	-0.000459	-0.008396	0.005286	0.026337	-0.113393	
-0.025698	0.001677	0.029946	0.009433	-0.010200	0.002475	0.006248	-0.004494	-0.007720	-0.001486	0.009501	
-0.030531	-0.008542	0.009433	0.036100	-0.005203	0.004430	-0.009947	0.007683	-0.008272	-0.006092	0.017003	
0.013446	0.002630	-0.010200	-0.005203	0.250577	-0.009630	-0.136448	-0.122139	0.003049	0.004230	0.006364	
0.000345	-0.012699	0.002475	0.004430	-0.009630	0.019456	0.000651	-0.005093	-0.001087	0.000136	-0.011857	
0.006643	-0.000459	0.006248	-0.009947	-0.136448	0.000651	0.123187	0.019419	-0.000771	-0.002227	-0.008695	
-0.005021	-0.008396	-0.004494	0.007683	-0.122139	-0.005093	0.019419	0.130890	-0.003352	-0.007021	0.009795	
0.002544	0.005286	-0.007720	-0.008272	0.003049	-0.001087	-0.000771	-0.003352	0.006110	0.001856	-0.006070	
-0.005601	0.026337	-0.001486	-0.006092	0.004230	0.000136	-0.002227	-0.007021	0.001856	0.025575	-0.051499	
0.004874	-0.113393	0.009501	0.017003	0.006364	-0.011857	-0.008695	0.009795	-0.006070	-0.051499	0.228334	



STOCHASTIC APPROXIMATION RUN 3

original statistics:298.000000	60.000000	334.961304	336.765015	226.507813	162.671875	226.867188	210.554688	733.486979	205.000000	46.000000	
starting parameters:-5.333865	3.074781	0.416876	0.464117	0.444994	-0.386411	0.599036	0.136821	-0.181077	0.521817	-0.521011	
Phase1 started with the following setup:
a = 0.010000
num of steps = 40
num of iterations in each step = 2929.077964
************************************
mean statistics in phase1:294.425000	54.500000	313.705225	317.034174	190.022070	140.487695	190.544336	181.500586	649.598340	176.425000	37.025000	
END PHASE1 parameter:-5.333865	3.074781	0.416876	0.464117	0.444994	-0.386411	0.599036	0.136821	-0.181077	0.521817	-0.521011	
Phase 2 started


Subphase 0 started with a valued 0.010000

Subphase 0 has gone up to 218 steps
Parameter after Subphase 0:-5.39191	 3.22396	 0.41005	 0.46089	 0.54209	-0.35386	 0.41346	 0.23834	-0.20326	 0.65283	-0.73737	


Subphase 1 started with a valued 0.010000

Subphase 1 has gone up to 246 steps
Parameter after Subphase 1:-5.37993	 3.21146	 0.40917	 0.32828	 0.61191	-0.42258	 0.57237	 0.08384	-0.16027	 0.63786	-0.47944	


Subphase 2 started with a valued 0.005000

Subphase 2 has gone up to 315 steps
Parameter after Subphase 2:-5.39162	 3.49172	 0.35109	 0.30223	 0.64654	-0.47653	 0.54426	 0.07823	-0.13481	 0.70671	-0.83073	


Subphase 3 started with a valued 0.002500

Subphase 3 has gone up to 488 steps
Parameter after Subphase 3:-5.41300	 3.47926	 0.39134	 0.32682	 0.62274	-0.47373	 0.52609	 0.10376	-0.15221	 0.71920	-0.78023	


Subphase 4 started with a valued 0.001250

Subphase 4 has gone up to 926 steps
Parameter after Subphase 4:-5.38383	 3.54714	 0.33822	 0.28763	 0.68042	-0.48701	 0.50778	 0.07371	-0.13162	 0.74333	-0.85774	
END PHASE2 parameter:-5.383826	3.547138	0.338218	0.287627	0.680418	-0.487011	0.507782	0.073714	-0.131618	0.743328	-0.857741	
Phase3 started with the following setup:
num of steps = 500
num of iterations in each step = 2929.077964
***************************************
mean statistics in phase3:214.644000	32.196000	187.599883	188.091942	78.339563	41.377437	77.965531	74.114859	360.585669	129.674000	20.462000	

Estimation Result for Network SUMMARY (parameter, standard error, t-statistics)
NOTE: t-statistics = (observation - sample mean)/standard error
effects	estimates	stderr	t-ratio
arc	-5.383826	0.27900	2.61912	
reciprocity	3.547138	0.45229	2.72183	
AinS(2.00)	0.338218	0.21236	3.04658	
AoutS(2.00)	0.287627	0.19551	2.91824	
AT-T(2.00)	0.680418	0.54467	3.46368	
AT-C(2.00)	-0.487011	0.14812	3.66366	
AT-D(2.00)	0.507782	0.41104	3.44460	
AT-U(2.00)	0.073714	0.35839	3.49528	
A2P-TDU(2.00)	-0.131618	0.09314	3.10467	
group_matching	0.743328	0.16011	2.81449	
group_matching_reciprocity	-0.857741	0.53272	2.78204	


Estimated Covariance Matrix
0.077843	-0.049411	-0.036438	-0.032347	0.014269	0.000706	0.005701	-0.001236	0.005495	-0.011591	0.036698	
-0.049411	0.204570	0.012327	-0.001220	0.025827	-0.009529	-0.006640	-0.018688	-0.003601	0.044336	-0.177935	
-0.036438	0.012327	0.045098	0.011934	-0.006453	0.008356	0.002049	-0.009072	-0.012564	0.002633	-0.005283	
-0.032347	-0.001220	0.011934	0.038226	-0.011174	0.003904	-0.007233	0.007673	-0.009377	-0.003522	0.008538	
0.014269	0.025827	-0.006453	-0.011174	0.296661	-0.007240	-0.174336	-0.122482	0.001292	-0.001297	-0.008775	
0.000706	-0.009529	0.008356	0.003904	-0.007240	0.021941	-0.008545	0.000811	-0.004093	0.001282	-0.012840	
0.005701	-0.006640	0.002049	-0.007233	-0.174336	-0.008545	0.168952	0.013500	-0.000155	0.000614	0.009000	
-0.001236	-0.018688	-0.009072	0.007673	-0.122482	0.000811	0.013500	0.128440	-0.000612	-0.001225	-0.002846	
0.005495	-0.003601	-0.012564	-0.009377	0.001292	-0.004093	-0.000155	-0.000612	0.008676	-0.000627	0.002240	
-0.011591	0.044336	0.002633	-0.003522	-0.001297	0.001282	0.000614	-0.001225	-0.000627	0.025635	-0.067207	
0.036698	-0.177935	-0.005283	0.008538	-0.008775	-0.012840	0.009000	-0.002846	0.002240	-0.067207	0.283787	



STOCHASTIC APPROXIMATION RUN 4

original statistics:298.000000	60.000000	334.961304	336.765015	226.507813	162.671875	226.867188	210.554688	733.486979	205.000000	46.000000	
starting parameters:-5.383826	3.547138	0.338218	0.287627	0.680418	-0.487011	0.507782	0.073714	-0.131618	0.743328	-0.857741	
Phase1 started with the following setup:
a = 0.010000
num of steps = 40
num of iterations in each step = 2929.077964
************************************
mean statistics in phase1:323.225000	64.625000	364.067758	364.465520	228.225391	156.059766	229.962695	211.262012	793.176286	211.725000	44.850000	
END PHASE1 parameter:-5.383826	3.547138	0.338218	0.287627	0.680418	-0.487011	0.507782	0.073714	-0.131618	0.743328	-0.857741	
Phase 2 started


Subphase 0 started with a valued 0.010000

Subphase 0 has gone up to 218 steps
Parameter after Subphase 0:-4.75734	 3.57735	 0.28376	 0.34612	 0.62597	-0.49045	 0.41483	 0.13116	-0.24104	 0.37765	-0.48036	


Subphase 1 started with a valued 0.010000

Subphase 1 has gone up to 246 steps
Parameter after Subphase 1:-5.41391	 3.56491	 0.38729	 0.37118	 0.71886	-0.47120	 0.36711	 0.17181	-0.15997	 0.67671	-0.83229	


Subphase 2 started with a valued 0.005000

Subphase 2 has gone up to 315 steps
Parameter after Subphase 2:-5.36391	 3.60727	 0.35002	 0.29729	 0.72981	-0.50645	 0.40034	 0.15524	-0.13302	 0.68423	-0.84387	


Subphase 3 started with a valued 0.002500

Subphase 3 has gone up to 488 steps
Parameter after Subphase 3:-5.36280	 3.62368	 0.35326	 0.32135	 0.64630	-0.47883	 0.47397	 0.14702	-0.14864	 0.71351	-0.91056	


Subphase 4 started with a valued 0.001250

Subphase 4 has gone up to 926 steps
Parameter after Subphase 4:-5.36249	 3.61979	 0.35613	 0.32466	 0.64110	-0.47146	 0.46877	 0.15418	-0.14991	 0.71728	-0.92771	
END PHASE2 parameter:-5.362490	3.619792	0.356128	0.324657	0.641098	-0.471461	0.468772	0.154177	-0.149911	0.717277	-0.927713	
Phase3 started with the following setup:
num of steps = 500
num of iterations in each step = 2929.077964
***************************************
mean statistics in phase3:958.500000	326.624000	1632.571125	1639.737685	1744.275566	1670.235645	1746.877163	1686.092560	3272.094762	905.004000	318.594000	

Estimation Result for Network SUMMARY (parameter, standard error, t-statistics)
NOTE: t-statistics = (observation - sample mean)/standard error
effects	estimates	stderr	t-ratio
arc	-5.362490	0.31211	-6.35211	
reciprocity	3.619792	0.40798	-5.65650	
AinS(2.00)	0.356128	0.17968	-6.34591	
AoutS(2.00)	0.324657	0.20598	-6.36589	
AT-T(2.00)	0.641098	0.21436	-6.51863	
AT-C(2.00)	-0.471461	0.13239	-5.90881	
AT-D(2.00)	0.468772	0.18799	-6.58019	
AT-U(2.00)	0.154177	0.15736	-5.96369	
A2P-TDU(2.00)	-0.149911	0.01375	-8.17361	
group_matching	0.717277	0.14945	-6.37700	
group_matching_reciprocity	-0.927713	0.37885	-5.70188	


Estimated Covariance Matrix
0.097412	-0.066138	-0.025498	-0.044246	0.013428	0.001309	0.013697	0.002056	-0.000271	-0.022569	0.056428	
-0.066138	0.166445	0.006423	0.020848	0.003221	-0.001275	-0.016877	-0.008341	0.000994	0.050497	-0.143641	
-0.025498	0.006423	0.032285	-0.002337	-0.005711	0.003459	-0.005859	-0.006933	-0.000420	-0.000239	-0.002409	
-0.044246	0.020848	-0.002337	0.042426	-0.014079	0.001097	-0.007861	0.002672	-0.000453	0.006643	-0.021626	
0.013428	0.003221	-0.005711	-0.014079	0.045950	0.005525	-0.029908	-0.013657	0.000834	0.005375	-0.003287	
0.001309	-0.001275	0.003459	0.001097	0.005525	0.017527	-0.009155	-0.018488	-0.000024	0.000193	-0.001899	
0.013697	-0.016877	-0.005859	-0.007861	-0.029908	-0.009155	0.035339	0.013712	-0.000294	-0.007425	0.017385	
0.002056	-0.008341	-0.006933	0.002672	-0.013657	-0.018488	0.013712	0.024762	-0.000257	-0.005236	0.006320	
-0.000271	0.000994	-0.000420	-0.000453	0.000834	-0.000024	-0.000294	-0.000257	0.000189	0.000617	-0.000407	
-0.022569	0.050497	-0.000239	0.006643	0.005375	0.000193	-0.007425	-0.005236	0.000617	0.022336	-0.047532	
0.056428	-0.143641	-0.002409	-0.021626	-0.003287	-0.001899	0.017385	0.006320	-0.000407	-0.047532	0.143528	



STOCHASTIC APPROXIMATION RUN 5

original statistics:298.000000	60.000000	334.961304	336.765015	226.507813	162.671875	226.867188	210.554688	733.486979	205.000000	46.000000	
starting parameters:-5.362490	3.619792	0.356128	0.324657	0.641098	-0.471461	0.468772	0.154177	-0.149911	0.717277	-0.927713	
Phase1 started with the following setup:
a = 0.010000
num of steps = 40
num of iterations in each step = 2929.077964
************************************
mean statistics in phase1:304.200000	62.450000	327.183063	325.103805	198.005762	135.315137	193.706250	190.444727	679.502116	186.775000	39.700000	
END PHASE1 parameter:-5.362490	3.619792	0.356128	0.324657	0.641098	-0.471461	0.468772	0.154177	-0.149911	0.717277	-0.927713	
Phase 2 started


Subphase 0 started with a valued 0.010000

Subphase 0 has gone up to 218 steps
Parameter after Subphase 0:-5.47434	 3.10380	 0.37717	 0.37545	 0.60665	-0.48711	 0.70269	-0.01141	-0.13393	 0.68043	-0.52486	


Subphase 1 started with a valued 0.010000

Subphase 1 has gone up to 246 steps
Parameter after Subphase 1:-5.45304	 3.59935	 0.36668	 0.37715	 0.60963	-0.46947	 0.53724	 0.10376	-0.15494	 0.72827	-0.90104	


Subphase 2 started with a valued 0.005000

Subphase 2 has gone up to 315 steps
Parameter after Subphase 2:-5.44061	 3.59378	 0.40805	 0.38644	 0.59898	-0.44896	 0.54353	 0.10646	-0.17996	 0.70673	-0.89995	


Subphase 3 started with a valued 0.002500

Subphase 3 has gone up to 488 steps
Parameter after Subphase 3:-5.36570	 3.62470	 0.37848	 0.31983	 0.61980	-0.45445	 0.52045	 0.11052	-0.15930	 0.72253	-0.91774	


Subphase 4 started with a valued 0.001250

Subphase 4 has gone up to 926 steps
Parameter after Subphase 4:-5.39246	 3.58297	 0.37507	 0.33363	 0.59933	-0.46181	 0.51724	 0.13818	-0.15273	 0.73178	-0.90557	
END PHASE2 parameter:-5.392464	3.582966	0.375068	0.333634	0.599331	-0.461812	0.517237	0.138176	-0.152726	0.731785	-0.905568	
Phase3 started with the following setup:
num of steps = 500
num of iterations in each step = 2929.077964
***************************************
mean statistics in phase3:1068.054000	371.772000	1850.807416	1858.942616	1988.131334	1919.793107	1991.481120	1930.813560	3618.531040	1000.360000	356.594000	

Estimation Result for Network SUMMARY (parameter, standard error, t-statistics)
NOTE: t-statistics = (observation - sample mean)/standard error
effects	estimates	stderr	t-ratio
arc	-5.392464	0.29928	-6.18258	
reciprocity	3.582966	0.41762	-5.39418	
AinS(2.00)	0.375068	0.21469	-6.17905	
AoutS(2.00)	0.333634	0.22721	-6.28607	
AT-T(2.00)	0.599331	0.25602	-6.52193	
AT-C(2.00)	-0.461812	0.14956	-5.78117	
AT-D(2.00)	0.517237	0.21506	-6.60145	
AT-U(2.00)	0.138176	0.16484	-5.80676	
A2P-TDU(2.00)	-0.152726	0.01200	-6.99226	
group_matching	0.731785	0.16913	-7.20959	
group_matching_reciprocity	-0.905568	0.41938	-6.08963	


Estimated Covariance Matrix
0.089569	-0.045767	-0.031975	-0.042486	0.028905	-0.003504	0.007735	0.004362	-0.000245	-0.023890	0.044388	
-0.045767	0.174409	0.000542	0.006922	0.011352	-0.004986	-0.016384	-0.004440	0.000777	0.054686	-0.164494	
-0.031975	0.000542	0.046092	-0.005588	-0.011830	0.010634	-0.006609	-0.013743	-0.000684	0.000815	-0.000519	
-0.042486	0.006922	-0.005588	0.051626	-0.025010	0.001101	-0.003212	0.003051	-0.000204	0.005279	-0.007199	
0.028905	0.011352	-0.011830	-0.025010	0.065545	0.000499	-0.040579	-0.006130	0.000627	-0.000844	-0.012720	
-0.003504	-0.004986	0.010634	0.001101	0.000499	0.022368	-0.007748	-0.023142	-0.000331	-0.001650	0.003094	
0.007735	-0.016384	-0.006609	-0.003212	-0.040579	-0.007748	0.046250	0.010075	-0.000014	-0.005401	0.018747	
0.004362	-0.004440	-0.013743	0.003051	-0.006130	-0.023142	0.010075	0.027171	0.000192	0.000539	0.003090	
-0.000245	0.000777	-0.000684	-0.000204	0.000627	-0.000331	-0.000014	0.000192	0.000144	0.000384	-0.000364	
-0.023890	0.054686	0.000815	0.005279	-0.000844	-0.001650	-0.005401	0.000539	0.000384	0.028607	-0.057991	
0.044388	-0.164494	-0.000519	-0.007199	-0.012720	0.003094	0.018747	0.003090	-0.000364	-0.057991	0.175880	



STOCHASTIC APPROXIMATION RUN 6

original statistics:298.000000	60.000000	334.961304	336.765015	226.507813	162.671875	226.867188	210.554688	733.486979	205.000000	46.000000	
starting parameters:-5.392464	3.582966	0.375068	0.333634	0.599331	-0.461812	0.517237	0.138176	-0.152726	0.731785	-0.905568	
Phase1 started with the following setup:
a = 0.010000
num of steps = 40
num of iterations in each step = 2929.077964
************************************
mean statistics in phase1:302.175000	58.175000	319.117822	321.068237	182.014941	116.752441	180.144922	173.198047	665.958236	182.575000	37.325000	
END PHASE1 parameter:-5.392464	3.582966	0.375068	0.333634	0.599331	-0.461812	0.517237	0.138176	-0.152726	0.731785	-0.905568	
Phase 2 started


Subphase 0 started with a valued 0.010000

Subphase 0 has gone up to 218 steps
Parameter after Subphase 0:-5.54503	 3.52372	 0.40618	 0.43870	 0.55947	-0.44306	 0.52696	 0.16911	-0.17032	 0.70091	-0.85152	


Subphase 1 started with a valued 0.010000

Subphase 1 has gone up to 246 steps
Parameter after Subphase 1:-5.44392	 3.50217	 0.45711	 0.33757	 0.55308	-0.42879	 0.51478	 0.16348	-0.16945	 0.75046	-0.91408	


Subphase 2 started with a valued 0.005000

Subphase 2 has gone up to 315 steps
Parameter after Subphase 2:-5.41027	 3.55158	 0.39183	 0.30318	 0.61697	-0.44701	 0.49153	 0.13383	-0.14525	 0.69793	-0.88543	


Subphase 3 started with a valued 0.002500

Subphase 3 has gone up to 488 steps
Parameter after Subphase 3:-5.41330	 3.56752	 0.40726	 0.30491	 0.64351	-0.46783	 0.52126	 0.09353	-0.15322	 0.72678	-0.88404	


Subphase 4 started with a valued 0.001250

Subphase 4 has gone up to 926 steps
Parameter after Subphase 4:-5.34594	 3.56777	 0.38647	 0.30950	 0.63073	-0.47130	 0.50542	 0.12690	-0.16545	 0.70287	-0.81458	
END PHASE2 parameter:-5.345940	3.567774	0.386467	0.309497	0.630727	-0.471296	0.505424	0.126904	-0.165449	0.702872	-0.814581	
Phase3 started with the following setup:
num of steps = 500
num of iterations in each step = 2929.077964
***************************************
mean statistics in phase3:213.032000	32.270000	182.975910	182.090844	69.610375	35.491875	68.856188	66.745437	343.334271	123.100000	19.666000	

Estimation Result for Network SUMMARY (parameter, standard error, t-statistics)
NOTE: t-statistics = (observation - sample mean)/standard error
effects	estimates	stderr	t-ratio
arc	-5.345940	0.26702	2.91628	
reciprocity	3.567774	0.40725	3.02304	
AinS(2.00)	0.386467	0.21675	3.48027	
AoutS(2.00)	0.309497	0.18958	3.44217	
AT-T(2.00)	0.630727	0.67751	4.70425	
AT-C(2.00)	-0.471296	0.15938	5.55806	
AT-D(2.00)	0.505424	0.46961	4.77098	
AT-U(2.00)	0.126904	0.47725	4.63182	
A2P-TDU(2.00)	-0.165449	0.08953	3.69163	
group_matching	0.702872	0.17236	3.59195	
group_matching_reciprocity	-0.814581	0.53234	3.60654	


Estimated Covariance Matrix
0.071302	-0.029367	-0.033690	-0.030720	-0.013547	0.007173	0.012347	0.011774	0.006502	-0.008769	0.014697	
-0.029367	0.165852	-0.005649	-0.007486	0.038499	-0.012240	-0.011822	-0.028754	0.003150	0.041981	-0.149165	
-0.033690	-0.005649	0.046982	0.014957	0.006863	0.002717	0.001306	-0.016411	-0.013653	-0.006082	0.007625	
-0.030720	-0.007486	0.014957	0.035942	0.000036	-0.000665	-0.009239	0.002547	-0.010442	-0.004135	0.017078	
-0.013547	0.038499	0.006863	0.000036	0.459019	-0.020479	-0.237481	-0.228666	-0.000299	-0.005335	-0.001826	
0.007173	-0.012240	0.002717	-0.000665	-0.020479	0.025402	-0.001188	0.006585	-0.001400	0.003225	-0.019370	
0.012347	-0.011822	0.001306	-0.009239	-0.237481	-0.001188	0.220538	0.025470	0.000165	-0.002377	0.001491	
0.011774	-0.028754	-0.016411	0.002547	-0.228666	0.006585	0.025470	0.227764	0.000016	0.002480	0.003463	
0.006502	0.003150	-0.013653	-0.010442	-0.000299	-0.001400	0.000165	0.000016	0.008016	0.002542	-0.002597	
-0.008769	0.041981	-0.006082	-0.004135	-0.005335	0.003225	-0.002377	0.002480	0.002542	0.029709	-0.069421	
0.014697	-0.149165	0.007625	0.017078	-0.001826	-0.019370	0.001491	0.003463	-0.002597	-0.069421	0.283384	



STOCHASTIC APPROXIMATION RUN 7

original statistics:298.000000	60.000000	334.961304	336.765015	226.507813	162.671875	226.867188	210.554688	733.486979	205.000000	46.000000	
starting parameters:-5.345940	3.567774	0.386467	0.309497	0.630727	-0.471296	0.505424	0.126904	-0.165449	0.702872	-0.814581	
Phase1 started with the following setup:
a = 0.010000
num of steps = 40
num of iterations in each step = 2929.077964
************************************
mean statistics in phase1:273.625000	52.250000	280.232666	285.241064	173.943164	118.158398	175.042578	163.251953	567.044824	177.900000	36.125000	
END PHASE1 parameter:-5.345940	3.567774	0.386467	0.309497	0.630727	-0.471296	0.505424	0.126904	-0.165449	0.702872	-0.814581	
Phase 2 started


Subphase 0 started with a valued 0.010000

Subphase 0 has gone up to 218 steps
Parameter after Subphase 0:-5.37651	 3.52966	 0.43432	 0.53741	 0.68032	-0.40425	 0.41190	 0.14006	-0.23957	 0.55068	-0.91154	


Subphase 1 started with a valued 0.010000

Subphase 1 has gone up to 246 steps
Parameter after Subphase 1:-5.38257	 3.59970	 0.39947	 0.36410	 0.51996	-0.45176	 0.55589	 0.17087	-0.17164	 0.67008	-0.90022	


Subphase 2 started with a valued 0.005000

Subphase 2 has gone up to 315 steps
Parameter after Subphase 2:-5.43268	 3.57216	 0.40662	 0.34814	 0.55502	-0.44454	 0.53007	 0.15193	-0.16088	 0.70581	-0.88081	


Subphase 3 started with a valued 0.002500

Subphase 3 has gone up to 488 steps
Parameter after Subphase 3:-5.45539	 3.46150	 0.41067	 0.33601	 0.56088	-0.41953	 0.51985	 0.13881	-0.15024	 0.72891	-0.79381	


Subphase 4 started with a valued 0.001250

Subphase 4 has gone up to 926 steps
Parameter after Subphase 4:-5.38556	 3.65834	 0.33185	 0.31044	 0.59060	-0.48174	 0.55380	 0.12443	-0.14008	 0.73391	-0.94207	
END PHASE2 parameter:-5.385557	3.658336	0.331848	0.310437	0.590599	-0.481735	0.553797	0.124433	-0.140078	0.733913	-0.942071	
Phase3 started with the following setup:
num of steps = 500
num of iterations in each step = 2929.077964
***************************************
mean statistics in phase3:252.938000	44.864000	253.918246	258.528464	147.738236	92.524863	149.970672	135.788797	542.426973	162.384000	30.890000	

Estimation Result for Network SUMMARY (parameter, standard error, t-statistics)
NOTE: t-statistics = (observation - sample mean)/standard error
effects	estimates	stderr	t-ratio
arc	-5.385557	0.28531	0.70234	
reciprocity	3.658336	0.40800	0.76988	
AinS(2.00)	0.331848	0.18295	0.74516	
AoutS(2.00)	0.310437	0.18618	0.69390	
AT-T(2.00)	0.590599	0.31155	0.73576	
AT-C(2.00)	-0.481735	0.11263	0.89498	
AT-D(2.00)	0.553797	0.22602	0.69461	
AT-U(2.00)	0.124433	0.22598	0.78729	
A2P-TDU(2.00)	-0.140078	0.04887	0.66506	
group_matching	0.733913	0.16219	0.71566	
group_matching_reciprocity	-0.942071	0.49526	0.84270	


Estimated Covariance Matrix
0.081403	-0.047492	-0.034170	-0.036273	0.010663	-0.002976	0.008504	0.000850	0.004801	-0.009701	0.047849	
-0.047492	0.166466	0.004245	-0.000119	0.007400	-0.007027	0.009461	-0.019383	-0.000380	0.042351	-0.141208	
-0.034170	0.004245	0.033471	0.007933	-0.008636	0.005632	-0.001369	-0.002722	-0.004642	-0.001418	-0.007753	
-0.036273	-0.000119	0.007933	0.034663	-0.010088	0.003021	-0.002857	0.001842	-0.004418	-0.002718	-0.003495	
0.010663	0.007400	-0.008636	-0.010088	0.097063	-0.007149	-0.056361	-0.033798	0.002496	0.002899	-0.001562	
-0.002976	-0.007027	0.005632	0.003021	-0.007149	0.012685	0.003832	-0.010445	-0.000560	0.002124	-0.013066	
0.008504	0.009461	-0.001369	-0.002857	-0.056361	0.003832	0.051084	0.002978	-0.000853	-0.001849	-0.004361	
0.000850	-0.019383	-0.002722	0.001842	-0.033798	-0.010445	0.002978	0.051069	-0.001256	-0.004323	0.014497	
0.004801	-0.000380	-0.004642	-0.004418	0.002496	-0.000560	-0.000853	-0.001256	0.002388	-0.000293	0.001558	
-0.009701	0.042351	-0.001418	-0.002718	0.002899	0.002124	-0.001849	-0.004323	-0.000293	0.026307	-0.060471	
0.047849	-0.141208	-0.007753	-0.003495	-0.001562	-0.013066	-0.004361	0.014497	0.001558	-0.060471	0.245281	



STOCHASTIC APPROXIMATION RUN 8

original statistics:298.000000	60.000000	334.961304	336.765015	226.507813	162.671875	226.867188	210.554688	733.486979	205.000000	46.000000	
starting parameters:-5.385557	3.658336	0.331848	0.310437	0.590599	-0.481735	0.553797	0.124433	-0.140078	0.733913	-0.942071	
Phase1 started with the following setup:
a = 0.010000
num of steps = 40
num of iterations in each step = 2929.077964
************************************
mean statistics in phase1:263.075000	44.125000	258.555716	266.132867	138.790234	78.561719	140.286523	126.437891	530.838216	175.875000	32.675000	
END PHASE1 parameter:-5.385557	3.658336	0.331848	0.310437	0.590599	-0.481735	0.553797	0.124433	-0.140078	0.733913	-0.942071	
Phase 2 started


Subphase 0 started with a valued 0.010000

Subphase 0 has gone up to 218 steps
Parameter after Subphase 0:-5.37475	 3.81332	 0.47356	 0.47111	 0.46485	-0.42828	 0.56924	 0.21866	-0.27370	 0.66836	-1.00490	


Subphase 1 started with a valued 0.010000

Subphase 1 has gone up to 246 steps
Parameter after Subphase 1:-5.41762	 3.58981	 0.38818	 0.35619	 0.56812	-0.43536	 0.52750	 0.15606	-0.17067	 0.69242	-0.97911	


Subphase 2 started with a valued 0.005000

Subphase 2 has gone up to 315 steps
Parameter after Subphase 2:-5.45059	 3.50774	 0.37492	 0.33485	 0.68788	-0.44138	 0.40149	 0.14398	-0.14010	 0.75854	-0.91324	


Subphase 3 started with a valued 0.002500

Subphase 3 has gone up to 488 steps
Parameter after Subphase 3:-5.43533	 3.56626	 0.37557	 0.32671	 0.65984	-0.44886	 0.43569	 0.13917	-0.13904	 0.74024	-0.92333	


Subphase 4 started with a valued 0.001250

Subphase 4 has gone up to 926 steps
Parameter after Subphase 4:-5.37185	 3.58408	 0.37368	 0.33512	 0.62207	-0.46266	 0.44028	 0.16600	-0.14752	 0.69391	-0.89128	
END PHASE2 parameter:-5.371850	3.584084	0.373677	0.335119	0.622066	-0.462660	0.440284	0.165995	-0.147516	0.693905	-0.891276	
Phase3 started with the following setup:
num of steps = 500
num of iterations in each step = 2929.077964
***************************************
mean statistics in phase3:225.874000	34.440000	202.926538	203.034139	81.316625	41.027750	79.888563	78.508437	390.836375	126.906000	19.804000	

Estimation Result for Network SUMMARY (parameter, standard error, t-statistics)
NOTE: t-statistics = (observation - sample mean)/standard error
effects	estimates	stderr	t-ratio
arc	-5.371850	0.29414	2.42435	
reciprocity	3.584084	0.43321	3.16655	
AinS(2.00)	0.373677	0.19368	3.04758	
AoutS(2.00)	0.335119	0.18913	3.07762	
AT-T(2.00)	0.622066	0.57967	4.88812	
AT-C(2.00)	-0.462660	0.14518	6.11381	
AT-D(2.00)	0.440284	0.45553	5.09787	
AT-U(2.00)	0.165995	0.37523	4.68552	
A2P-TDU(2.00)	-0.147516	0.07393	3.35614	
group_matching	0.693905	0.17110	3.95978	
group_matching_reciprocity	-0.891276	0.51477	4.67885	


Estimated Covariance Matrix
0.086517	-0.048697	-0.036956	-0.035292	-0.003294	0.004263	0.000972	0.010880	0.006450	-0.011046	0.041152	
-0.048697	0.187670	0.006302	-0.004889	0.023719	-0.019376	-0.002117	-0.020456	0.001345	0.048451	-0.160260	
-0.036956	0.006302	0.037510	0.011654	0.002257	0.002201	0.004129	-0.013722	-0.008826	-0.002004	0.002094	
-0.035292	-0.004889	0.011654	0.035769	-0.001233	0.001603	-0.002172	-0.001446	-0.008093	-0.003744	0.004314	
-0.003294	0.023719	0.002257	-0.001233	0.336019	-0.015751	-0.208136	-0.139177	0.000867	0.002521	-0.002627	
0.004263	-0.019376	0.002201	0.001603	-0.015751	0.021077	0.003229	-0.000778	-0.001457	0.000846	0.002951	
0.000972	-0.002117	0.004129	-0.002172	-0.208136	0.003229	0.207511	0.015100	-0.003596	0.003396	-0.016675	
0.010880	-0.020456	-0.013722	-0.001446	-0.139177	-0.000778	0.015100	0.140800	0.002749	-0.007126	0.015911	
0.006450	0.001345	-0.008826	-0.008093	0.000867	-0.001457	-0.003596	0.002749	0.005465	0.000480	-0.001583	
-0.011046	0.048451	-0.002004	-0.003744	0.002521	0.000846	0.003396	-0.007126	0.000480	0.029276	-0.072442	
0.041152	-0.160260	0.002094	0.004314	-0.002627	0.002951	-0.016675	0.015911	-0.001583	-0.072442	0.264985	



STOCHASTIC APPROXIMATION RUN 9

original statistics:298.000000	60.000000	334.961304	336.765015	226.507813	162.671875	226.867188	210.554688	733.486979	205.000000	46.000000	
starting parameters:-5.371850	3.584084	0.373677	0.335119	0.622066	-0.462660	0.440284	0.165995	-0.147516	0.693905	-0.891276	
Phase1 started with the following setup:
a = 0.010000
num of steps = 40
num of iterations in each step = 2929.077964
************************************
mean statistics in phase1:307.800000	57.400000	331.680585	334.652931	186.397070	115.865430	183.274219	175.221484	708.206510	185.950000	33.575000	
END PHASE1 parameter:-5.371850	3.584084	0.373677	0.335119	0.622066	-0.462660	0.440284	0.165995	-0.147516	0.693905	-0.891276	
Phase 2 started


Subphase 0 started with a valued 0.010000

Subphase 0 has gone up to 218 steps
Parameter after Subphase 0:-5.44739	 3.52250	 0.47321	 0.38862	 0.55595	-0.38899	 0.48325	 0.11517	-0.19125	 0.77704	-0.87875	


Subphase 1 started with a valued 0.010000

Subphase 1 has gone up to 246 steps
Parameter after Subphase 1:-5.45397	 3.51819	 0.44723	 0.36182	 0.58252	-0.42619	 0.50427	 0.13779	-0.17413	 0.70950	-0.88974	


Subphase 2 started with a valued 0.005000

Subphase 2 has gone up to 315 steps
Parameter after Subphase 2:-5.42781	 3.54181	 0.44031	 0.34475	 0.53287	-0.45688	 0.54282	 0.18720	-0.17213	 0.67298	-0.89668	


Subphase 3 started with a valued 0.002500

Subphase 3 has gone up to 488 steps
Parameter after Subphase 3:-5.49894	 3.61433	 0.46737	 0.39208	 0.53234	-0.43675	 0.51115	 0.18262	-0.18730	 0.75444	-0.92096	


Subphase 4 started with a valued 0.001250

Subphase 4 has gone up to 926 steps
Parameter after Subphase 4:-5.31461	 3.55797	 0.38802	 0.31563	 0.59641	-0.45031	 0.47651	 0.18110	-0.17172	 0.71045	-0.84038	
END PHASE2 parameter:-5.314607	3.557974	0.388017	0.315633	0.596405	-0.450312	0.476510	0.181100	-0.171725	0.710448	-0.840380	
Phase3 started with the following setup:
num of steps = 500
num of iterations in each step = 2929.077964
***************************************
mean statistics in phase3:246.398000	41.394000	236.785219	234.662765	115.079422	68.651828	113.600000	109.937391	470.698563	151.230000	27.390000	

Estimation Result for Network SUMMARY (parameter, standard error, t-statistics)
NOTE: t-statistics = (observation - sample mean)/standard error
effects	estimates	stderr	t-ratio
arc	-5.314607	0.25151	1.77523	
reciprocity	3.557974	0.37714	2.07628	
AinS(2.00)	0.388017	0.18133	2.15917	
AoutS(2.00)	0.315633	0.18278	2.27200	
AT-T(2.00)	0.596405	0.45406	3.04528	
AT-C(2.00)	-0.450312	0.12789	3.15252	
AT-D(2.00)	0.476510	0.32967	3.16167	
AT-U(2.00)	0.181100	0.29586	2.94367	
A2P-TDU(2.00)	-0.171725	0.07351	2.37767	
group_matching	0.710448	0.15553	2.19469	
group_matching_reciprocity	-0.840380	0.48939	2.31066	


Estimated Covariance Matrix
0.063256	-0.035642	-0.025848	-0.030664	0.005806	0.000494	0.006092	0.001939	0.005069	-0.005503	0.021571	
-0.035642	0.142232	-0.002236	0.009475	0.003833	-0.006399	0.000563	-0.003371	-0.002309	0.032596	-0.123711	
-0.025848	-0.002236	0.032879	0.008859	-0.002713	0.003477	-0.000010	-0.004983	-0.008688	-0.002577	0.007961	
-0.030664	0.009475	0.008859	0.033410	-0.013497	0.005228	-0.002978	0.004924	-0.007041	0.000217	-0.008698	
0.005806	0.003833	-0.002713	-0.013497	0.206170	-0.006144	-0.118387	-0.090726	0.004688	-0.007171	0.019229	
0.000494	-0.006399	0.003477	0.005228	-0.006144	0.016355	-0.001297	-0.006152	-0.002368	0.004292	-0.020141	
0.006092	0.000563	-0.000010	-0.002978	-0.118387	-0.001297	0.108683	0.018729	-0.001352	0.003580	-0.016917	
0.001939	-0.003371	-0.004983	0.004924	-0.090726	-0.006152	0.018729	0.087533	-0.002136	-0.000120	0.006080	
0.005069	-0.002309	-0.008688	-0.007041	0.004688	-0.002368	-0.001352	-0.002136	0.005403	-0.001052	0.003443	
-0.005503	0.032596	-0.002577	0.000217	-0.007171	0.004292	0.003580	-0.000120	-0.001052	0.024189	-0.060143	
0.021571	-0.123711	0.007961	-0.008698	0.019229	-0.020141	-0.016917	0.006080	0.003443	-0.060143	0.239507	



STOCHASTIC APPROXIMATION RUN 10

original statistics:298.000000	60.000000	334.961304	336.765015	226.507813	162.671875	226.867188	210.554688	733.486979	205.000000	46.000000	
starting parameters:-5.314607	3.557974	0.388017	0.315633	0.596405	-0.450312	0.476510	0.181100	-0.171725	0.710448	-0.840380	
Phase1 started with the following setup:
a = 0.010000
num of steps = 40
num of iterations in each step = 2929.077964
************************************
mean statistics in phase1:308.750000	61.950000	327.035443	330.472656	198.905664	138.766992	198.707422	187.045117	671.963281	196.050000	41.900000	
END PHASE1 parameter:-5.314607	3.557974	0.388017	0.315633	0.596405	-0.450312	0.476510	0.181100	-0.171725	0.710448	-0.840380	
Phase 2 started


Subphase 0 started with a valued 0.010000

Subphase 0 has gone up to 218 steps
Parameter after Subphase 0:-5.60096	 3.48740	 0.47684	 0.38421	 0.42307	-0.37262	 0.54136	 0.23915	-0.17399	 0.80825	-0.91311	


Subphase 1 started with a valued 0.010000

Subphase 1 has gone up to 246 steps
Parameter after Subphase 1:-5.40761	 3.57178	 0.44248	 0.35719	 0.54299	-0.42497	 0.52449	 0.17712	-0.19094	 0.71147	-0.97814	


Subphase 2 started with a valued 0.005000

Subphase 2 has gone up to 315 steps
Parameter after Subphase 2:-5.34543	 3.50277	 0.39108	 0.34386	 0.51402	-0.42579	 0.55497	 0.18716	-0.17763	 0.71056	-0.88866	


Subphase 3 started with a valued 0.002500

Subphase 3 has gone up to 488 steps
Parameter after Subphase 3:-5.41272	 3.59330	 0.41208	 0.34876	 0.58786	-0.44380	 0.48167	 0.18320	-0.17253	 0.72546	-0.96355	


Subphase 4 started with a valued 0.001250

Subphase 4 has gone up to 926 steps
Parameter after Subphase 4:-5.42750	 3.60840	 0.40279	 0.36489	 0.62592	-0.45473	 0.45599	 0.17829	-0.17457	 0.72268	-0.92582	
END PHASE2 parameter:-5.427502	3.608403	0.402793	0.364895	0.625922	-0.454732	0.455993	0.178287	-0.174575	0.722676	-0.925817	
Phase3 started with the following setup:
num of steps = 500
num of iterations in each step = 2929.077964
***************************************
mean statistics in phase3:216.274000	34.250000	190.689838	192.096136	81.564094	45.146906	79.959453	78.623281	366.131510	123.024000	19.652000	

Estimation Result for Network SUMMARY (parameter, standard error, t-statistics)
NOTE: t-statistics = (observation - sample mean)/standard error
effects	estimates	stderr	t-ratio
arc	-5.427502	0.27512	2.13503	
reciprocity	3.608403	0.38721	2.58578	
AinS(2.00)	0.402793	0.19006	2.63856	
AoutS(2.00)	0.364895	0.19942	2.65589	
AT-T(2.00)	0.625922	0.55314	3.92127	
AT-C(2.00)	-0.454732	0.13240	4.60721	
AT-D(2.00)	0.455993	0.37755	4.06538	
AT-U(2.00)	0.178287	0.41460	3.75081	
A2P-TDU(2.00)	-0.174575	0.08593	2.90836	
group_matching	0.722676	0.15556	2.99527	
group_matching_reciprocity	-0.925817	0.47823	3.46710	


Estimated Covariance Matrix
0.075689	-0.034090	-0.035578	-0.031547	0.012166	0.007576	0.001105	0.000504	0.004538	-0.008366	0.018563	
-0.034090	0.149932	0.004275	0.005662	0.019922	-0.010276	-0.003925	-0.019086	-0.003534	0.033855	-0.120765	
-0.035578	0.004275	0.036122	0.010626	-0.004126	-0.001206	0.002585	-0.008221	-0.007592	0.002410	0.002235	
-0.031547	0.005662	0.010626	0.039770	-0.018302	-0.000402	-0.001218	0.013451	-0.010896	-0.001754	0.010192	
0.012166	0.019922	-0.004126	-0.018302	0.305965	-0.013966	-0.150009	-0.164215	0.006295	0.000544	-0.000436	
0.007576	-0.010276	-0.001206	-0.000402	-0.013966	0.017530	0.004004	-0.001455	-0.000426	0.002007	-0.010992	
0.001105	-0.003925	0.002585	-0.001218	-0.150009	0.004004	0.142542	0.015255	-0.001870	-0.001632	-0.005092	
0.000504	-0.019086	-0.008221	0.013451	-0.164215	-0.001455	0.015255	0.171891	-0.004899	-0.002404	0.008293	
