STOCHASTIC ESTIMATION FOR NETWORK 4bingroups
ESTIMATION SETTINGS
Number of sub-phases in estimation (phase 2) = 5
starting a-value in estimation (phase 2) = 0.010000
Multiplication factor for estimation (phase 2) = 10
Number of steps in final simulation (phase 3) = 500
Number of estimation runs = 1

STOCHASTIC APPROXIMATION RUN 1

original statistics:298.000000	60.000000	334.961304	336.765015	226.507813	162.671875	226.867188	210.554688	733.486979	98.000000	99.000000	131.000000	126.000000	144.000000	118.000000	19.000000	27.000000	30.000000	37.000000	
starting parameters:-3.612549	0.000000	0.000000	0.000000	0.000000	0.000000	0.000000	0.000000	0.000000	0.000000	0.000000	0.000000	0.000000	0.000000	0.000000	0.000000	0.000000	0.000000	0.000000	
Phase1 started with the following setup:
a = 0.010000
num of steps = 64
num of iterations in each step = 2929.077964
************************************
mean statistics in phase1:294.578125	4.515625	271.416458	268.947326	25.165527	21.308105	25.298828	24.892883	529.794210	70.171875	19.890625	147.640625	70.062500	141.718750	74.468750	1.437500	0.734375	3.187500	2.437500	
END PHASE1 parameter:-3.612549	0.000000	0.000000	0.000000	0.000000	0.000000	0.000000	0.000000	0.000000	0.000000	0.000000	0.000000	0.000000	0.000000	0.000000	0.000000	0.000000	0.000000	0.000000	
Phase 2 started


Subphase 0 started with a valued 0.010000

Subphase 0 has gone up to 226 steps
Parameter after Subphase 0:-3.95644	-0.55970	 0.30071	 0.09370	 1.21302	 0.05511	-0.16135	-0.09314	-0.23792	-0.41955	-0.17414	 0.35766	-0.31314	 0.34385	-0.04653	 1.93584	 2.92821	 0.66046	 0.99531	


Subphase 1 started with a valued 0.010000

Subphase 1 has gone up to 266 steps
Parameter after Subphase 1:-4.29411	 0.98122	 0.36629	 0.29170	 0.98125	 0.02716	 0.23407	-0.21454	-0.27709	-0.26976	-0.06032	 0.27269	-0.25014	 0.27518	-0.08154	 0.99672	 2.33596	-0.14522	 0.52385	


Subphase 2 started with a valued 0.005000

Subphase 2 has gone up to 366 steps
Parameter after Subphase 2:-4.55376	 1.32233	 0.40986	 0.31673	 0.87053	-0.05996	 0.31618	-0.17939	-0.23851	-0.20321	 0.10395	 0.25541	-0.24012	 0.22720	-0.09903	 0.96200	 1.54443	-0.30686	 0.64573	


Subphase 3 started with a valued 0.002500

Subphase 3 has gone up to 616 steps
Parameter after Subphase 3:-4.62963	 1.48925	 0.41775	 0.32231	 0.90187	-0.09197	 0.28746	-0.15177	-0.22810	-0.22948	 0.33489	 0.25487	-0.27197	 0.22945	-0.16059	 0.87712	 1.23802	-0.31900	 0.60858	


Subphase 4 started with a valued 0.001250

Subphase 4 has gone up to 1249 steps
Parameter after Subphase 4:-4.72249	 1.57746	 0.42405	 0.34431	 0.82153	-0.12926	 0.33347	-0.11649	-0.21576	-0.18755	 0.49512	 0.21288	-0.28013	 0.22266	-0.17378	 0.92298	 0.75500	-0.35324	 0.77119	
END PHASE2 parameter:-4.722486	1.577459	0.424050	0.344307	0.821531	-0.129259	0.333465	-0.116488	-0.215762	-0.187546	0.495121	0.212881	-0.280129	0.222659	-0.173779	0.922983	0.755002	-0.353244	0.771188	
Phase3 started with the following setup:
num of steps = 500
num of iterations in each step = 2929.077964
***************************************
mean statistics in phase3:458.948000	117.798000	622.357640	626.778589	563.316780	498.780350	560.646690	524.064927	1119.878734	74.358000	229.674000	130.142000	275.122000	145.914000	257.102000	8.838000	97.616000	19.162000	105.622000	

Estimation Result for Network SUMMARY (parameter, standard error, t-statistics)
NOTE: t-statistics = (observation - sample mean)/standard error
effects	estimates	stderr	t-ratio
arc	-4.722486	0.39375	-2.87899	
reciprocity	1.577459	1.04993	-2.26971	
AinS(2.00)	0.424050	0.16188	-2.71036	
AoutS(2.00)	0.344307	0.17230	-2.73097	
AT-T(2.00)	0.821531	0.26719	-2.69818	
AT-C(2.00)	-0.129259	0.15518	-2.75542	
AT-D(2.00)	0.333465	0.24183	-2.66636	
AT-U(2.00)	-0.116488	0.19896	-2.61175	
A2P-TDU(2.00)	-0.215762	0.02582	-2.29066	
bin_sup_interaction	-0.187546	0.32667	1.71350	
bin_data_interaction	0.495121	0.35986	-2.03247	
bin_sup_sender	0.212881	0.25350	0.04167	
bin_data_sender	-0.280129	0.24900	-2.49474	
bin_sup_receiver	0.222659	0.24889	-0.08886	
bin_data_receiver	-0.173779	0.29169	-2.45830	
bin_sup_interaction_reciprocity	0.922983	0.74250	2.63208	
bin_data_interaction_reciprocity	0.755002	1.13632	-2.52765	
bin_sup_activity_reciprocity	-0.353244	1.09834	1.53602	
bin_data_activity_reciprocity	0.771188	0.74909	-2.70715	


Estimated Covariance Matrix
0.155041	-0.140236	-0.037057	-0.040137	0.016237	0.006666	0.010804	-0.012931	0.000524	0.044334	-0.032658	-0.047974	-0.017787	-0.052065	-0.005902	0.014937	0.078380	0.098726	0.065095	
-0.140236	1.102347	0.015239	-0.008463	0.007579	-0.005338	-0.013550	0.008879	0.000690	-0.091179	0.068159	0.105431	0.033923	0.123053	0.019450	-0.156729	-0.868136	-0.956240	-0.214423	
-0.037057	0.015239	0.026207	0.002586	-0.006546	-0.000215	-0.001098	0.000316	-0.000494	-0.001020	0.003747	0.001944	0.004483	0.000356	-0.005976	0.008849	-0.019300	-0.017624	-0.001937	
-0.040137	-0.008463	0.002586	0.029689	-0.011432	-0.000103	-0.003756	0.003957	-0.001155	-0.004814	0.000459	0.003642	0.002548	0.005918	0.005060	0.004093	0.016373	0.016290	-0.009706	
0.016237	0.007579	-0.006546	-0.011432	0.071392	0.020688	-0.051914	-0.030738	0.001669	-0.007866	0.025449	0.007551	-0.018770	0.003268	-0.022368	-0.013667	-0.002994	-0.008769	0.008940	
0.006666	-0.005338	-0.000215	-0.000103	0.020688	0.024081	-0.019629	-0.021424	0.000355	-0.005483	0.000395	0.002750	-0.006154	-0.000490	-0.009909	0.005913	0.017485	-0.011633	-0.012508	
0.010804	-0.013550	-0.001098	-0.003756	-0.051914	-0.019629	0.058481	0.014051	-0.000722	0.010177	-0.017858	-0.009697	-0.005512	-0.006830	0.023932	0.000256	0.010273	0.019170	0.001001	
-0.012931	0.008879	0.000316	0.003957	-0.030738	-0.021424	0.014051	0.039587	-0.000358	0.000855	-0.011705	-0.002300	0.020777	0.003644	0.001985	0.006545	-0.013388	-0.017097	-0.010774	
0.000524	0.000690	-0.000494	-0.001155	0.001669	0.000355	-0.000722	-0.000358	0.000667	0.000044	0.002416	-0.000536	-0.001799	-0.000892	-0.002791	-0.001301	0.000280	-0.000271	0.000615	
0.044334	-0.091179	-0.001020	-0.004814	-0.007866	-0.005483	0.010177	0.000855	0.000044	0.106710	-0.050152	-0.065157	0.008275	-0.057866	0.016265	-0.092034	0.088105	0.136041	-0.003769	
-0.032658	0.068159	0.003747	0.000459	0.025449	0.000395	-0.017858	-0.011705	0.002416	-0.050152	0.129498	0.039016	-0.028593	0.030758	-0.064838	0.007179	-0.208259	-0.078033	0.107524	
-0.047974	0.105431	0.001944	0.003642	0.007551	0.002750	-0.009697	-0.002300	-0.000536	-0.065157	0.039016	0.064262	0.010517	0.041904	-0.009428	0.017287	-0.087748	-0.115398	-0.012638	
-0.017787	0.033923	0.004483	0.002548	-0.018770	-0.006154	-0.005512	0.020777	-0.001799	0.008275	-0.028593	0.010517	0.062002	-0.000649	0.010169	-0.016588	-0.010361	-0.008428	-0.049553	
-0.052065	0.123053	0.000356	0.005918	0.003268	-0.000490	-0.006830	0.003644	-0.000892	-0.057866	0.030758	0.041904	-0.000649	0.061945	0.012137	0.004973	-0.085062	-0.119106	-0.033574	
-0.005902	0.019450	-0.005976	0.005060	-0.022368	-0.009909	0.023932	0.001985	-0.002791	0.016265	-0.064838	-0.009428	0.010169	0.012137	0.085084	-0.029455	0.076547	0.034934	-0.089507	
0.014937	-0.156729	0.008849	0.004093	-0.013667	0.005913	0.000256	0.006545	-0.001301	-0.092034	0.007179	0.017287	-0.016588	0.004973	-0.029455	0.551307	-0.156725	-0.206413	0.328081	
0.078380	-0.868136	-0.019300	0.016373	-0.002994	0.017485	0.010273	-0.013388	0.000280	0.088105	-0.208259	-0.087748	-0.010361	-0.085062	0.076547	-0.156725	1.291230	1.030316	-0.316832	
0.098726	-0.956240	-0.017624	0.016290	-0.008769	-0.011633	0.019170	-0.017097	-0.000271	0.136041	-0.078033	-0.115398	-0.008428	-0.119106	0.034934	-0.206413	1.030316	1.206345	-0.082244	
0.065095	-0.214423	-0.001937	-0.009706	0.008940	-0.012508	0.001001	-0.010774	0.000615	-0.003769	0.107524	-0.012638	-0.049553	-0.033574	-0.089507	0.328081	-0.316832	-0.082244	0.561140	



STOCHASTIC ESTIMATION FOR NETWORK 4bingroups
ESTIMATION SETTINGS
Number of sub-phases in estimation (phase 2) = 5
starting a-value in estimation (phase 2) = 0.010000
Multiplication factor for estimation (phase 2) = 10
Number of steps in final simulation (phase 3) = 500
Number of estimation runs = 50

STOCHASTIC APPROXIMATION RUN 1

original statistics:298.000000	60.000000	334.961304	336.765015	226.507813	162.671875	226.867188	210.554688	733.486979	98.000000	99.000000	131.000000	126.000000	144.000000	118.000000	19.000000	27.000000	30.000000	37.000000	
starting parameters:-3.612549	0.000000	0.000000	0.000000	0.000000	0.000000	0.000000	0.000000	0.000000	0.000000	0.000000	0.000000	0.000000	0.000000	0.000000	0.000000	0.000000	0.000000	0.000000	
Phase1 started with the following setup:
a = 0.010000
num of steps = 64
num of iterations in each step = 2929.077964
************************************
mean statistics in phase1:299.125000	5.671875	277.636066	279.013292	24.668823	21.122559	24.703125	24.769287	550.121257	69.890625	21.937500	146.046875	73.859375	140.390625	74.921875	0.921875	0.828125	3.484375	2.578125	
END PHASE1 parameter:-3.612549	0.000000	0.000000	0.000000	0.000000	0.000000	0.000000	0.000000	0.000000	0.000000	0.000000	0.000000	0.000000	0.000000	0.000000	0.000000	0.000000	0.000000	0.000000	
Phase 2 started


Subphase 0 started with a valued 0.010000

Subphase 0 has gone up to 226 steps
Parameter after Subphase 0:-4.01957	-1.23229	 0.34255	 0.60331	 0.86174	 0.25310	 0.05217	-0.42812	-0.33708	-0.11344	-0.38633	 0.00491	-0.13786	-0.01230	-0.14335	 2.06509	 4.54561	 1.28541	 1.42682	


Subphase 1 started with a valued 0.010000

Subphase 1 has gone up to 266 steps
Parameter after Subphase 1:-4.56741	-1.18675	 0.43802	 0.59331	 0.94495	 0.13773	 0.37118	-0.63959	-0.24346	-0.00166	 0.08256	-0.06136	-0.27434	-0.02751	-0.24197	 1.47458	 4.05456	 1.91937	 0.94152	


Subphase 2 started with a valued 0.005000

Subphase 2 has gone up to 366 steps
Parameter after Subphase 2:-4.66713	-1.05566	 0.45841	 0.54293	 0.73353	 0.03055	 0.43873	-0.42021	-0.19998	 0.18436	 0.38010	-0.19361	-0.31987	-0.12419	-0.28496	 1.37282	 2.85141	 2.09618	 1.20737	


Subphase 3 started with a valued 0.002500

Subphase 3 has gone up to 616 steps
Parameter after Subphase 3:-4.83330	-0.40733	 0.49884	 0.54764	 0.71595	-0.01617	 0.42470	-0.34134	-0.18662	 0.22575	 0.58647	-0.18619	-0.34973	-0.13237	-0.35945	 1.22500	 2.12273	 1.64830	 1.11807	


Subphase 4 started with a valued 0.001250

Subphase 4 has gone up to 1249 steps
Parameter after Subphase 4:-4.86640	-0.20674	 0.50439	 0.52625	 0.67498	-0.08157	 0.42291	-0.25908	-0.17498	 0.27856	 0.79535	-0.22382	-0.36377	-0.13568	-0.39601	 1.00974	 1.56959	 1.60173	 1.31446	
END PHASE2 parameter:-4.866398	-0.206739	0.504386	0.526246	0.674985	-0.081565	0.422909	-0.259080	-0.174978	0.278563	0.795350	-0.223825	-0.363775	-0.135684	-0.396014	1.009739	1.569592	1.601726	1.314463	
Phase3 started with the following setup:
num of steps = 500
num of iterations in each step = 2929.077964
***************************************
mean statistics in phase3:1224.916000	379.972000	2092.523740	2140.346474	2269.208359	1935.777170	2278.469518	1951.260995	3900.510922	706.178000	305.638000	839.282000	344.716000	744.110000	315.550000	248.314000	123.492000	256.036000	125.982000	

Estimation Result for Network SUMMARY (parameter, standard error, t-statistics)
NOTE: t-statistics = (observation - sample mean)/standard error
effects	estimates	stderr	t-ratio
arc	-4.866398	0.39959	-2.29035	
reciprocity	-0.206739	1.50624	-2.27324	
AinS(2.00)	0.504386	0.20039	-2.24561	
AoutS(2.00)	0.526246	0.19576	-2.25529	
AT-T(2.00)	0.674985	0.17905	-2.25443	
AT-C(2.00)	-0.081565	0.13011	-2.31293	
AT-D(2.00)	0.422909	0.15393	-2.26795	
AT-U(2.00)	-0.259080	0.13847	-2.27598	
A2P-TDU(2.00)	-0.174978	0.01226	-2.46734	
bin_sup_interaction	0.278563	0.22230	-2.03879	
bin_data_interaction	0.795350	0.42303	-3.41419	
bin_sup_sender	-0.223825	0.25482	-1.95670	
bin_data_sender	-0.363775	0.23219	-3.71957	
bin_sup_receiver	-0.135684	0.21658	-2.08814	
bin_data_receiver	-0.396014	0.42799	-3.73124	
bin_sup_interaction_reciprocity	1.009739	0.51703	-1.96103	
bin_data_interaction_reciprocity	1.569592	1.50216	-3.55724	
bin_sup_activity_reciprocity	1.601726	1.42010	-1.93259	
bin_data_activity_reciprocity	1.314463	0.89143	-3.54590	


Estimated Covariance Matrix
0.159673	-0.055924	-0.053697	-0.036362	0.019291	0.001961	-0.001683	-0.003166	-0.001565	0.005757	-0.019710	-0.015153	-0.016600	-0.006525	0.014576	0.032181	0.087708	0.024344	-0.025069	
-0.055924	2.268774	0.011712	-0.039011	0.026606	-0.030323	-0.027375	0.020627	-0.002544	-0.045779	0.049658	0.134402	0.116077	0.047589	-0.020947	-0.271647	-1.849388	-2.000144	-0.435307	
-0.053697	0.011712	0.040154	-0.001314	-0.004886	0.001611	-0.000931	-0.003358	0.000355	0.007771	0.030168	-0.008039	0.000979	-0.006865	-0.031889	-0.011497	-0.071431	0.001367	0.050691	
-0.036362	-0.039011	-0.001314	0.038320	-0.015543	-0.001746	0.002766	0.005189	0.000219	0.009889	-0.001278	-0.015573	-0.016114	-0.008787	0.006066	0.017348	0.011508	0.018890	0.024842	
0.019291	0.026606	-0.004886	-0.015543	0.032059	0.006123	-0.022572	-0.008000	0.000448	-0.002434	-0.008290	0.002528	0.002566	-0.000056	0.002970	-0.002295	-0.014313	-0.019876	-0.005928	
0.001961	-0.030323	0.001611	-0.001746	0.006123	0.016929	-0.003956	-0.016060	0.000125	-0.001896	-0.007476	-0.005474	-0.004366	-0.001658	0.005057	0.012154	0.019699	0.018184	0.007951	
-0.001683	-0.027375	-0.000931	0.002766	-0.022572	-0.003956	0.023693	0.004163	-0.000356	-0.002729	-0.002301	-0.002667	-0.004474	0.002412	0.003356	0.009637	0.021850	0.016382	0.003861	
-0.003166	0.020627	-0.003358	0.005189	-0.008000	-0.016060	0.004163	0.019173	-0.000238	-0.000183	0.004242	0.004338	0.004768	0.000850	-0.006068	-0.006980	-0.017868	-0.019706	-0.004875	
-0.001565	-0.002544	0.000355	0.000219	0.000448	0.000125	-0.000356	-0.000238	0.000150	0.000237	0.001025	-0.000062	-0.000540	-0.000341	-0.000903	0.000078	0.000419	0.002858	0.002658	
0.005757	-0.045779	0.007771	0.009889	-0.002434	-0.001896	-0.002729	-0.000183	0.000237	0.049417	0.013916	-0.031761	-0.021992	-0.043154	-0.017612	-0.035159	0.000379	0.081284	0.044396	
-0.019710	0.049658	0.030168	-0.001278	-0.008290	-0.007476	-0.002301	0.004242	0.001025	0.013916	0.178951	-0.012669	-0.014164	-0.015085	-0.165166	-0.011791	-0.245081	-0.032996	0.170055	
-0.015153	0.134402	-0.008039	-0.015573	0.002528	-0.005474	-0.002667	0.004338	-0.000062	-0.031761	-0.012669	0.064933	0.051786	0.032480	0.021225	-0.061382	-0.000355	-0.078784	-0.126249	
-0.016600	0.116077	0.000979	-0.016114	0.002566	-0.004366	-0.004474	0.004768	-0.000540	-0.021992	-0.014164	0.051786	0.053910	0.023850	0.010953	-0.065630	0.009205	-0.056931	-0.124234	
-0.006525	0.047589	-0.006865	-0.008787	-0.000056	-0.001658	0.002412	0.000850	-0.000341	-0.043154	-0.015085	0.032480	0.023850	0.046908	0.024622	0.025127	0.003060	-0.072822	-0.049035	
0.014576	-0.020947	-0.031889	0.006066	0.002970	0.005057	0.003356	-0.006068	-0.000903	-0.017612	-0.165166	0.021225	0.010953	0.024622	0.183173	0.008114	0.219284	0.015464	-0.193840	
0.032181	-0.271647	-0.011497	0.017348	-0.002295	0.012154	0.009637	-0.006980	0.000078	-0.035159	-0.011791	-0.061382	-0.065630	0.025127	0.008114	0.267325	0.044661	0.011266	0.228406	
0.087708	-1.849388	-0.071431	0.011508	-0.014313	0.019699	0.021850	-0.017868	0.000419	0.000379	-0.245081	-0.000355	0.009205	0.003060	0.219284	0.044661	2.256487	1.818216	-0.337236	
0.024344	-2.000144	0.001367	0.018890	-0.019876	0.018184	0.016382	-0.019706	0.002858	0.081284	-0.032996	-0.078784	-0.056931	-0.072822	0.015464	0.011266	1.818216	2.016688	0.209646	
-0.025069	-0.435307	0.050691	0.024842	-0.005928	0.007951	0.003861	-0.004875	0.002658	0.044396	0.170055	-0.126249	-0.124234	-0.049035	-0.193840	0.228406	-0.337236	0.209646	0.794642	



STOCHASTIC APPROXIMATION RUN 2

original statistics:298.000000	60.000000	334.961304	336.765015	226.507813	162.671875	226.867188	210.554688	733.486979	98.000000	99.000000	131.000000	126.000000	144.000000	118.000000	19.000000	27.000000	30.000000	37.000000	
starting parameters:-4.866398	-0.206739	0.504386	0.526246	0.674985	-0.081565	0.422909	-0.259080	-0.174978	0.278563	0.795350	-0.223825	-0.363775	-0.135684	-0.396014	1.009739	1.569592	1.601726	1.314463	
Phase1 started with the following setup:
a = 0.010000
num of steps = 64
num of iterations in each step = 2929.077964
************************************
mean statistics in phase1:355.656250	72.015625	434.812969	446.262620	339.258583	291.512825	345.026016	306.657684	906.654741	64.546875	148.562500	114.015625	191.421875	122.203125	178.171875	6.890625	54.609375	16.921875	63.328125	
END PHASE1 parameter:-4.866398	-0.206739	0.504386	0.526246	0.674985	-0.081565	0.422909	-0.259080	-0.174978	0.278563	0.795350	-0.223825	-0.363775	-0.135684	-0.396014	1.009739	1.569592	1.601726	1.314463	
Phase 2 started


Subphase 0 started with a valued 0.010000

Subphase 0 has gone up to 226 steps
Parameter after Subphase 0:-5.03326	 1.31384	 0.39023	 0.46173	 0.45224	-0.41921	 0.61483	 0.13663	-0.09404	 0.23566	 2.05158	-0.24779	-0.64142	-0.18368	-1.22950	 0.56117	-0.91802	 0.87556	 1.86529	


Subphase 1 started with a valued 0.010000

Subphase 1 has gone up to 266 steps
Parameter after Subphase 1:-5.05599	 1.68587	 0.46325	 0.36224	 0.63114	-0.39853	 0.49908	 0.04126	-0.11348	 0.26334	 1.97161	-0.14004	-0.53244	-0.13203	-1.17024	 0.68943	-1.30182	 0.37401	 1.98202	


Subphase 2 started with a valued 0.005000

Subphase 2 has gone up to 366 steps
Parameter after Subphase 2:-5.10172	 1.49653	 0.40761	 0.34341	 0.65194	-0.42802	 0.47092	 0.06629	-0.10302	 0.24403	 2.10871	-0.08444	-0.48754	-0.00745	-1.14089	 0.65829	-1.29991	 0.65721	 2.12540	


Subphase 3 started with a valued 0.002500

Subphase 3 has gone up to 616 steps
Parameter after Subphase 3:-5.14067	 1.91653	 0.41231	 0.35393	 0.64630	-0.43417	 0.47881	 0.05911	-0.10523	 0.22593	 2.12019	-0.07078	-0.47656	-0.00917	-1.12027	 0.55987	-1.69182	 0.31425	 2.06410	


Subphase 4 started with a valued 0.001250

Subphase 4 has gone up to 1249 steps
Parameter after Subphase 4:-5.09312	 1.95323	 0.39368	 0.32143	 0.67505	-0.44425	 0.44465	 0.05914	-0.09643	 0.27618	 2.22676	-0.10523	-0.49998	-0.00782	-1.13190	 0.62249	-1.85741	 0.29091	 2.20131	
END PHASE2 parameter:-5.093121	1.953228	0.393683	0.321427	0.675046	-0.444248	0.444646	0.059136	-0.096435	0.276183	2.226760	-0.105232	-0.499977	-0.007825	-1.131897	0.622488	-1.857405	0.290908	2.201309	
Phase3 started with the following setup:
num of steps = 500
num of iterations in each step = 2929.077964
***************************************
mean statistics in phase3:164.364000	19.104000	125.498262	121.307915	37.441063	16.875875	36.878062	35.995813	220.448948	63.176000	18.678000	89.874000	38.616000	98.042000	30.176000	9.068000	2.302000	14.966000	7.128000	

Estimation Result for Network SUMMARY (parameter, standard error, t-statistics)
NOTE: t-statistics = (observation - sample mean)/standard error
effects	estimates	stderr	t-ratio
arc	-5.093121	0.34815	4.06509	
reciprocity	1.953228	1.05957	5.44737	
AinS(2.00)	0.393683	0.23747	4.87102	
AoutS(2.00)	0.321427	0.23187	4.96710	
AT-T(2.00)	0.675046	0.90324	7.87144	
AT-C(2.00)	-0.444248	0.19758	9.88065	
AT-D(2.00)	0.444646	0.64303	8.19800	
AT-U(2.00)	0.059136	0.67275	7.65547	
A2P-TDU(2.00)	-0.096435	0.11945	5.47829	
bin_sup_interaction	0.276183	0.43395	1.95045	
bin_data_interaction	2.226760	0.61034	7.93104	
bin_sup_sender	-0.105232	0.33576	1.98352	
bin_data_sender	-0.499977	0.34679	6.29773	
bin_sup_receiver	-0.007825	0.29607	1.95172	
bin_data_receiver	-1.131897	0.42308	7.24751	
bin_sup_interaction_reciprocity	0.622488	0.89116	2.08684	
bin_data_interaction_reciprocity	-1.857405	1.35879	10.11035	
bin_sup_activity_reciprocity	0.290908	1.08450	2.36922	
bin_data_activity_reciprocity	2.201309	0.98228	7.33201	


Estimated Covariance Matrix
0.121211	-0.150188	-0.038631	-0.042905	0.006991	-0.007466	0.001365	0.007632	0.013457	0.061071	0.000337	-0.063413	-0.026919	-0.050237	-0.035964	-0.026256	0.083022	0.148929	0.051724	
-0.150188	1.122693	0.005030	0.001387	0.049231	-0.006782	-0.018123	-0.032056	-0.003511	-0.131950	-0.017010	0.155301	0.065562	0.128938	0.085511	-0.202292	-0.489035	-0.883857	-0.579929	
-0.038631	0.005030	0.056392	0.021079	0.004184	0.003754	0.000582	-0.019433	-0.020489	-0.001433	0.013192	0.004072	-0.012641	-0.001180	0.007158	-0.005559	-0.003761	0.013399	-0.005282	
-0.042905	0.001387	0.021079	0.053761	-0.010352	0.007765	-0.019896	0.011411	-0.016031	0.005463	-0.008532	-0.005447	-0.001906	-0.001646	0.007727	0.003073	0.007308	0.007642	-0.002056	
0.006991	0.049231	0.004184	-0.010352	0.815844	-0.039860	-0.402586	-0.434922	-0.005026	0.015479	-0.015215	0.019686	0.022365	-0.012131	0.024337	-0.003487	-0.014139	-0.025970	-0.029861	
-0.007466	-0.006782	0.003754	0.007765	-0.039860	0.039037	0.007417	0.004891	0.000132	0.002352	0.003813	-0.003794	-0.000513	0.002894	0.004400	0.004224	-0.049127	-0.020867	0.008123	
0.001365	-0.018123	0.000582	-0.019896	-0.402586	0.007417	0.413492	0.024102	0.003987	-0.029234	-0.000972	-0.005477	-0.005802	0.023307	0.004126	-0.001171	0.028405	0.015567	-0.029184	
0.007632	-0.032056	-0.019433	0.011411	-0.434922	0.004891	0.024102	0.452589	-0.000750	-0.003104	0.017106	-0.003747	-0.011173	0.002528	-0.027945	-0.001709	-0.018954	0.008306	0.059449	
0.013457	-0.003511	-0.020489	-0.016031	-0.005026	0.000132	0.003987	-0.000750	0.014268	0.000190	-0.005269	-0.002480	0.005118	-0.002844	-0.006803	0.007859	-0.000577	-0.008000	0.009318	
0.061071	-0.131950	-0.001433	0.005463	0.015479	0.002352	-0.029234	-0.003104	0.000190	0.188311	-0.082801	-0.112779	0.025399	-0.104549	-0.004884	-0.202838	0.172819	0.274844	-0.040730	
0.000337	-0.017010	0.013192	-0.008532	-0.015215	0.003813	-0.000972	0.017106	-0.005269	-0.082801	0.372515	0.046003	-0.128303	0.045651	-0.168479	0.055777	-0.440709	-0.071309	0.307713	
-0.063413	0.155301	0.004072	-0.005447	0.019686	-0.003794	-0.005477	-0.003747	-0.002480	-0.112779	0.046003	0.112733	0.013984	0.060576	0.010911	0.072206	-0.111600	-0.212409	-0.026858	
-0.026919	0.065562	-0.012641	-0.001906	0.022365	-0.000513	-0.005802	-0.011173	0.005118	0.025399	-0.128303	0.013984	0.120267	-0.011355	0.021006	-0.025859	0.081432	-0.028634	-0.126226	
-0.050237	0.128938	-0.001180	-0.001646	-0.012131	0.002894	0.023307	0.002528	-0.002844	-0.104549	0.045651	0.060576	-0.011355	0.087656	0.024553	0.073530	-0.126369	-0.193874	-0.017257	
-0.035964	0.085511	0.007158	0.007727	0.024337	0.004400	0.004126	-0.027945	-0.006803	-0.004884	-0.168479	0.010911	0.021006	0.024553	0.178994	-0.013401	0.107469	-0.055124	-0.214343	
-0.026256	-0.202292	-0.005559	0.003073	-0.003487	0.004224	-0.001171	-0.001709	0.007859	-0.202838	0.055777	0.072206	-0.025859	0.073530	-0.013401	0.794165	-0.264938	-0.335094	0.456047	
0.083022	-0.489035	-0.003761	0.007308	-0.014139	-0.049127	0.028405	-0.018954	-0.000577	0.172819	-0.440709	-0.111600	0.081432	-0.126369	0.107469	-0.264938	1.846304	0.803353	-0.489864	
0.148929	-0.883857	0.013399	0.007642	-0.025970	-0.020867	0.015567	0.008306	-0.008000	0.274844	-0.071309	-0.212409	-0.028634	-0.193874	-0.055124	-0.335094	0.803353	1.176144	0.137932	
0.051724	-0.579929	-0.005282	-0.002056	-0.029861	0.008123	-0.029184	0.059449	0.009318	-0.040730	0.307713	-0.026858	-0.126226	-0.017257	-0.214343	0.456047	-0.489864	0.137932	0.964874	



STOCHASTIC APPROXIMATION RUN 3

original statistics:298.000000	60.000000	334.961304	336.765015	226.507813	162.671875	226.867188	210.554688	733.486979	98.000000	99.000000	131.000000	126.000000	144.000000	118.000000	19.000000	27.000000	30.000000	37.000000	
starting parameters:-5.093121	1.953228	0.393683	0.321427	0.675046	-0.444248	0.444646	0.059136	-0.096435	0.276183	2.226760	-0.105232	-0.499977	-0.007825	-1.131897	0.622488	-1.857405	0.290908	2.201309	
Phase1 started with the following setup:
a = 0.010000
num of steps = 64
num of iterations in each step = 2929.077964
************************************
mean statistics in phase1:274.656250	54.656250	300.682429	309.140173	210.747406	155.493958	213.064880	191.533386	653.970194	64.703125	101.906250	98.750000	140.203125	113.359375	121.531250	10.125000	30.140625	21.843750	41.671875	
END PHASE1 parameter:-5.093121	1.953228	0.393683	0.321427	0.675046	-0.444248	0.444646	0.059136	-0.096435	0.276183	2.226760	-0.105232	-0.499977	-0.007825	-1.131897	0.622488	-1.857405	0.290908	2.201309	
Phase 2 started


Subphase 0 started with a valued 0.010000

Subphase 0 has gone up to 226 steps
Parameter after Subphase 0:-5.31104	 2.30505	 0.35032	 0.20914	 0.85608	-0.36056	 0.34229	-0.04196	 0.01467	 0.32324	 2.34112	-0.12305	-1.01714	 0.10497	-0.89857	 0.42212	-2.01628	 0.07337	 1.91641	


Subphase 1 started with a valued 0.010000

Subphase 1 has gone up to 266 steps
Parameter after Subphase 1:-5.29196	 2.58962	 0.34613	 0.28602	 0.67543	-0.42601	 0.43862	 0.05451	-0.04957	 0.26977	 2.45400	-0.06967	-0.65762	 0.14802	-0.99153	 0.42411	-2.43722	-0.12254	 1.99989	


Subphase 2 started with a valued 0.005000

Subphase 2 has gone up to 366 steps
Parameter after Subphase 2:-5.25520	 2.44620	 0.34385	 0.27769	 0.69148	-0.45985	 0.42194	 0.06237	-0.06096	 0.31335	 2.47932	-0.09448	-0.63629	 0.14391	-1.00245	 0.41319	-2.17784	 0.03868	 1.96925	


Subphase 3 started with a valued 0.002500

Subphase 3 has gone up to 616 steps
Parameter after Subphase 3:-5.19722	 2.48097	 0.31423	 0.29933	 0.69262	-0.45895	 0.41592	 0.03646	-0.06028	 0.31989	 2.51731	-0.11394	-0.65907	 0.13391	-0.98886	 0.45383	-2.22641	 0.01187	 1.98473	


Subphase 4 started with a valued 0.001250

Subphase 4 has gone up to 1249 steps
Parameter after Subphase 4:-5.15975	 2.43220	 0.29978	 0.27099	 0.69351	-0.46861	 0.42326	 0.05404	-0.05966	 0.28230	 2.49760	-0.08946	-0.65393	 0.14442	-0.99293	 0.45595	-2.19341	 0.06322	 2.01367	
END PHASE2 parameter:-5.159746	2.432204	0.299783	0.270987	0.693513	-0.468608	0.423259	0.054037	-0.059656	0.282296	2.497596	-0.089463	-0.653927	0.144423	-0.992932	0.455948	-2.193409	0.063223	2.013671	
Phase3 started with the following setup:
num of steps = 500
num of iterations in each step = 2929.077964
***************************************
mean statistics in phase3:421.096000	99.060000	545.472648	556.775824	436.520169	337.122305	439.755707	401.824971	1310.589321	146.262000	158.138000	185.002000	192.494000	199.700000	179.856000	34.984000	47.658000	48.140000	59.474000	

Estimation Result for Network SUMMARY (parameter, standard error, t-statistics)
NOTE: t-statistics = (observation - sample mean)/standard error
effects	estimates	stderr	t-ratio
arc	-5.159746	0.35500	-1.41176	
reciprocity	2.432204	0.90537	-1.34498	
AinS(2.00)	0.299783	0.18805	-1.36432	
AoutS(2.00)	0.270987	0.18634	-1.41275	
AT-T(2.00)	0.693513	0.19612	-1.37699	
AT-C(2.00)	-0.468608	0.08270	-1.31433	
AT-D(2.00)	0.423259	0.15300	-1.39102	
AT-U(2.00)	0.054037	0.15000	-1.35311	
A2P-TDU(2.00)	-0.059656	0.03898	-1.26177	
bin_sup_interaction	0.282296	0.38008	-0.58238	
bin_data_interaction	2.497596	0.43977	-2.13247	
bin_sup_sender	-0.089463	0.31909	-0.62404	
bin_data_sender	-0.653927	0.27585	-2.09502	
bin_sup_receiver	0.144423	0.29961	-0.66208	
bin_data_receiver	-0.992932	0.36238	-2.09515	
bin_sup_interaction_reciprocity	0.455948	0.64381	-0.56285	
bin_data_interaction_reciprocity	-2.193409	0.81163	-1.79664	
bin_sup_activity_reciprocity	0.063223	0.78449	-0.62777	
bin_data_activity_reciprocity	2.013671	0.73760	-1.71112	


Estimated Covariance Matrix
0.126026	-0.139362	-0.037013	-0.034139	0.009752	0.003059	0.002788	-0.000349	0.005977	0.065171	-0.006229	-0.063604	-0.009870	-0.057561	-0.027288	-0.005141	0.090938	0.143926	0.030986	
-0.139362	0.819690	-0.012615	-0.010652	-0.002328	-0.010865	0.005645	0.003760	0.005313	-0.105914	0.050499	0.126952	0.051616	0.130863	0.056832	-0.249532	-0.442366	-0.557724	-0.367408	
-0.037013	-0.012615	0.035364	0.005342	0.000274	0.001389	-0.002101	-0.006812	-0.004083	-0.006353	-0.001127	0.008898	0.005516	-0.004646	-0.009898	0.009781	-0.006672	0.003203	0.019233	
-0.034139	-0.010652	0.005342	0.034723	-0.006936	0.000755	-0.005023	0.002899	-0.003543	-0.010422	-0.005321	-0.002149	-0.013051	0.007465	0.007910	0.020133	0.004882	-0.006747	0.013751	
0.009752	-0.002328	0.000274	-0.006936	0.038464	0.002348	-0.022746	-0.016908	-0.000126	0.001358	-0.001665	-0.000915	0.005217	-0.003243	-0.004456	0.004502	-0.007906	0.004736	0.010522	
0.003059	-0.010865	0.001389	0.000755	0.002348	0.006840	-0.003609	-0.006157	-0.000308	0.006925	0.000169	-0.004390	0.000881	-0.002526	0.000416	-0.008187	-0.004331	0.009814	0.000785	
0.002788	0.005645	-0.002101	-0.005023	-0.022746	-0.003609	0.023410	0.005051	0.000939	0.000664	0.001800	-0.001733	-0.003494	0.002250	0.001070	-0.004688	0.000463	-0.001624	-0.000419	
-0.000349	0.003760	-0.006812	0.002899	-0.016908	-0.006157	0.005051	0.022500	-0.000108	-0.007294	-0.007713	0.005735	0.001212	0.004141	0.005388	-0.001301	0.016317	-0.007209	-0.016595	
0.005977	0.005313	-0.004083	-0.003543	-0.000126	-0.000308	0.000939	-0.000108	0.001520	0.003545	0.006072	-0.002615	-0.002692	-0.001955	-0.002052	-0.004622	-0.002666	-0.001196	-0.003612	
0.065171	-0.105914	-0.006353	-0.010422	0.001358	0.006925	0.000664	-0.007294	0.003545	0.144462	-0.032169	-0.096815	0.006513	-0.089005	-0.012801	-0.124750	0.105453	0.193495	-0.029058	
-0.006229	0.050499	-0.001127	-0.005321	-0.001665	0.000169	0.001800	-0.007713	0.006072	-0.032169	0.193401	0.010805	-0.061018	0.014702	-0.113494	0.035199	-0.231477	-0.076976	0.159308	
-0.063604	0.126952	0.008898	-0.002149	-0.000915	-0.004390	-0.001733	0.005735	-0.002615	-0.096815	0.010805	0.101819	0.030461	0.059490	0.014639	0.045461	-0.087854	-0.166215	-0.023002	
-0.009870	0.051616	0.005516	-0.013051	0.005217	0.000881	-0.003494	0.001212	-0.002692	0.006513	-0.061018	0.030461	0.076092	-0.003075	0.014911	-0.038318	0.030867	-0.016289	-0.093405	
-0.057561	0.130863	-0.004646	0.007465	-0.003243	-0.002526	0.002250	0.004141	-0.001955	-0.089005	0.014702	0.059490	-0.003075	0.089764	0.038349	0.035701	-0.100741	-0.163224	-0.013424	
-0.027288	0.056832	-0.009898	0.007910	-0.004456	0.000416	0.001070	0.005388	-0.002052	-0.012801	-0.113494	0.014639	0.014911	0.038349	0.131320	-0.025336	0.091613	-0.034236	-0.145561	
-0.005141	-0.249532	0.009781	0.020133	0.004502	-0.008187	-0.004688	-0.001301	-0.004622	-0.124750	0.035199	0.045461	-0.038318	0.035701	-0.025336	0.414496	0.006585	-0.064400	0.288195	
0.090938	-0.442366	-0.006672	0.004882	-0.007906	-0.004331	0.000463	0.016317	-0.002666	0.105453	-0.231477	-0.087854	0.030867	-0.100741	0.091613	0.006585	0.658746	0.443865	-0.145114	
0.143926	-0.557724	0.003203	-0.006747	0.004736	0.009814	-0.001624	-0.007209	-0.001196	0.193495	-0.076976	-0.166215	-0.016289	-0.163224	-0.034236	-0.064400	0.443865	0.615424	0.087244	
0.030986	-0.367408	0.019233	0.013751	0.010522	0.000785	-0.000419	-0.016595	-0.003612	-0.029058	0.159308	-0.023002	-0.093405	-0.013424	-0.145561	0.288195	-0.145114	0.087244	0.544049	



STOCHASTIC APPROXIMATION RUN 4

original statistics:298.000000	60.000000	334.961304	336.765015	226.507813	162.671875	226.867188	210.554688	733.486979	98.000000	99.000000	131.000000	126.000000	144.000000	118.000000	19.000000	27.000000	30.000000	37.000000	
starting parameters:-5.159746	2.432204	0.299783	0.270987	0.693513	-0.468608	0.423259	0.054037	-0.059656	0.282296	2.497596	-0.089463	-0.653927	0.144423	-0.992932	0.455948	-2.193409	0.063223	2.013671	
Phase1 started with the following setup:
a = 0.010000
num of steps = 64
num of iterations in each step = 2929.077964
************************************
mean statistics in phase1:355.781250	75.046875	426.112298	435.646108	321.865799	233.328781	328.646118	290.509369	953.617650	95.031250	147.781250	131.375000	179.812500	137.531250	173.046875	18.015625	40.906250	27.890625	53.421875	
END PHASE1 parameter:-5.159746	2.432204	0.299783	0.270987	0.693513	-0.468608	0.423259	0.054037	-0.059656	0.282296	2.497596	-0.089463	-0.653927	0.144423	-0.992932	0.455948	-2.193409	0.063223	2.013671	
Phase 2 started


Subphase 0 started with a valued 0.010000

Subphase 0 has gone up to 226 steps
Parameter after Subphase 0:-5.18903	 2.17852	 0.44236	 0.26603	 0.53470	-0.45627	 0.38611	 0.19184	-0.00515	 0.23236	 2.20867	-0.22758	-0.87687	 0.15423	-0.83830	 0.24264	-2.01686	 0.25309	 1.81174	


Subphase 1 started with a valued 0.010000

Subphase 1 has gone up to 266 steps
Parameter after Subphase 1:-5.20381	 2.22024	 0.37921	 0.28362	 0.57834	-0.43001	 0.49234	 0.08402	-0.07311	 0.36239	 2.36661	-0.19750	-0.76663	 0.16732	-0.89220	 0.42086	-2.05695	 0.21342	 2.03042	


Subphase 2 started with a valued 0.005000

Subphase 2 has gone up to 366 steps
Parameter after Subphase 2:-5.19032	 2.37251	 0.31076	 0.26773	 0.71235	-0.45272	 0.41453	 0.05135	-0.06622	 0.29400	 2.58604	-0.10464	-0.74298	 0.21556	-0.96453	 0.36731	-2.27746	 0.10301	 2.16618	


Subphase 3 started with a valued 0.002500

Subphase 3 has gone up to 616 steps
Parameter after Subphase 3:-5.19749	 2.47941	 0.29677	 0.27973	 0.73782	-0.45881	 0.39866	 0.04257	-0.07130	 0.29907	 2.55786	-0.07958	-0.71022	 0.21171	-0.92671	 0.41221	-2.38525	-0.00500	 2.21627	


Subphase 4 started with a valued 0.001250

Subphase 4 has gone up to 1249 steps
Parameter after Subphase 4:-5.18797	 2.48448	 0.31362	 0.25999	 0.71801	-0.46142	 0.40502	 0.04727	-0.06849	 0.25175	 2.57630	-0.04879	-0.68962	 0.20674	-0.97190	 0.42073	-2.43145	-0.02339	 2.19591	
END PHASE2 parameter:-5.187971	2.484478	0.313618	0.259993	0.718012	-0.461423	0.405021	0.047273	-0.068485	0.251751	2.576301	-0.048794	-0.689622	0.206739	-0.971898	0.420730	-2.431450	-0.023389	2.195914	
Phase3 started with the following setup:
num of steps = 500
num of iterations in each step = 2929.077964
***************************************
mean statistics in phase3:392.234000	91.028000	499.383751	505.022796	400.685100	313.136493	404.759187	368.122012	1129.538171	109.870000	175.008000	143.850000	207.760000	159.612000	195.830000	22.532000	53.182000	34.692000	64.922000	

Estimation Result for Network SUMMARY (parameter, standard error, t-statistics)
NOTE: t-statistics = (observation - sample mean)/standard error
effects	estimates	stderr	t-ratio
arc	-5.187971	0.36778	-2.00513	
reciprocity	2.484478	0.98005	-1.94237	
AinS(2.00)	0.313618	0.16460	-2.10537	
AoutS(2.00)	0.259993	0.17920	-2.18827	
AT-T(2.00)	0.718012	0.22449	-2.42682	
AT-C(2.00)	-0.461423	0.08883	-2.23820	
AT-D(2.00)	0.405021	0.17267	-2.50101	
AT-U(2.00)	0.047273	0.15212	-2.29734	
A2P-TDU(2.00)	-0.068485	0.04187	-1.97124	
bin_sup_interaction	0.251751	0.36485	-0.42382	
bin_data_interaction	2.576301	0.47742	-3.62408	
bin_sup_sender	-0.048794	0.35029	-0.42151	
bin_data_sender	-0.689622	0.31842	-3.52729	
bin_sup_receiver	0.206739	0.31099	-0.48271	
bin_data_receiver	-0.971898	0.41381	-3.55159	
bin_sup_interaction_reciprocity	0.420730	0.65217	-0.39189	
bin_data_interaction_reciprocity	-2.431450	0.76955	-2.83825	
bin_sup_activity_reciprocity	-0.023389	0.85932	-0.43858	
bin_data_activity_reciprocity	2.195914	0.84960	-2.55427	


Estimated Covariance Matrix
0.135264	-0.199691	-0.027272	-0.030663	0.019942	0.004043	-0.002740	-0.010003	0.001516	0.066148	-0.014987	-0.059251	-0.016721	-0.063677	-0.023236	0.026246	0.089282	0.153407	0.093667	
-0.199691	0.960491	0.008721	0.003583	-0.033132	-0.002006	0.022421	0.008729	-0.004791	-0.168651	-0.032345	0.180063	0.104010	0.175706	0.122826	-0.236483	-0.394496	-0.657632	-0.545370	
-0.027272	0.008721	0.027093	0.004983	-0.004510	0.000998	-0.000704	-0.002262	-0.002310	-0.005990	0.004431	0.002004	0.004137	-0.006349	-0.019114	0.005109	-0.006359	-0.000618	0.000735	
-0.030663	0.003583	0.004983	0.032112	-0.012501	-0.000120	-0.002809	0.009200	-0.003311	0.000497	-0.009875	-0.010480	-0.008667	0.000975	0.006715	0.004800	0.003607	0.001299	-0.003048	
0.019942	-0.033132	-0.004510	-0.012501	0.050394	0.000116	-0.031260	-0.021212	0.001968	0.005094	0.017417	0.000598	-0.002756	-0.004561	-0.010975	0.000957	0.004811	0.022576	0.036850	
0.004043	-0.002006	0.000998	-0.000120	0.000116	0.007891	-0.001078	-0.006331	-0.000236	0.002194	-0.004183	-0.000615	0.001013	-0.002172	0.002177	-0.005266	-0.005580	-0.001219	-0.008323	
-0.002740	0.022421	-0.000704	-0.002809	-0.031260	-0.001078	0.029815	0.008128	0.000361	-0.006462	-0.008907	0.002490	-0.002591	0.005038	0.007005	-0.003237	0.000178	-0.019904	-0.021914	
-0.010003	0.008729	-0.002262	0.009200	-0.021212	-0.006331	0.008128	0.023140	-0.001747	-0.001934	-0.013894	0.000406	0.005655	0.001563	0.006805	0.001608	0.003736	-0.003649	-0.013655	
0.001516	-0.004791	-0.002310	-0.003311	0.001968	-0.000236	0.000361	-0.001747	0.001754	0.001958	0.008476	-0.001367	-0.004728	0.000248	-0.002592	-0.001380	-0.001742	0.001945	0.006634	
0.066148	-0.168651	-0.005990	0.000497	0.005094	0.002194	-0.006462	-0.001934	0.001958	0.133118	-0.036710	-0.100513	-0.012119	-0.085668	-0.010719	-0.059650	0.120106	0.205763	0.044002	
-0.014987	-0.032345	0.004431	-0.009875	0.017417	-0.004183	-0.008907	-0.013894	0.008476	-0.036710	0.227930	0.013300	-0.076166	0.025356	-0.137821	0.035634	-0.197150	-0.013144	0.222515	
-0.059251	0.180063	0.002004	-0.010480	0.000598	-0.000615	0.002490	0.000406	-0.001367	-0.100513	0.013300	0.122705	0.049797	0.055115	0.011368	-0.005633	-0.098709	-0.183734	-0.082826	
-0.016721	0.104010	0.004137	-0.008667	-0.002756	0.001013	-0.002591	0.005655	-0.004728	-0.012119	-0.076166	0.049797	0.101389	0.003264	0.020734	-0.041785	0.034590	-0.048932	-0.150311	
-0.063677	0.175706	-0.006349	0.000975	-0.004561	-0.002172	0.005038	0.001563	0.000248	-0.085668	0.025356	0.055115	0.003264	0.096715	0.043926	0.009177	-0.103897	-0.175452	-0.067294	
-0.023236	0.122826	-0.019114	0.006715	-0.010975	0.002177	0.007005	0.006805	-0.002592	-0.010719	-0.137821	0.011368	0.020734	0.043926	0.171238	-0.030455	0.058216	-0.088273	-0.190784	
0.026246	-0.236483	0.005109	0.004800	0.000957	-0.005266	-0.003237	0.001608	-0.001380	-0.059650	0.035634	-0.005633	-0.041785	0.009177	-0.030455	0.425323	-0.086001	-0.105713	0.352877	
0.089282	-0.394496	-0.006359	0.003607	0.004811	-0.005580	0.000178	0.003736	-0.001742	0.120106	-0.197150	-0.098709	0.034590	-0.103897	0.058216	-0.086001	0.592206	0.468057	-0.134132	
0.153407	-0.657632	-0.000618	0.001299	0.022576	-0.001219	-0.019904	-0.003649	0.001945	0.205763	-0.013144	-0.183734	-0.048932	-0.175452	-0.088273	-0.105713	0.468057	0.738431	0.172701	
0.093667	-0.545370	0.000735	-0.003048	0.036850	-0.008323	-0.021914	-0.013655	0.006634	0.044002	0.222515	-0.082826	-0.150311	-0.067294	-0.190784	0.352877	-0.134132	0.172701	0.721824	



STOCHASTIC APPROXIMATION RUN 5

original statistics:298.000000	60.000000	334.961304	336.765015	226.507813	162.671875	226.867188	210.554688	733.486979	98.000000	99.000000	131.000000	126.000000	144.000000	118.000000	19.000000	27.000000	30.000000	37.000000	
starting parameters:-5.187971	2.484478	0.313618	0.259993	0.718012	-0.461423	0.405021	0.047273	-0.068485	0.251751	2.576301	-0.048794	-0.689622	0.206739	-0.971898	0.420730	-2.431450	-0.023389	2.195914	
Phase1 started with the following setup:
a = 0.010000
num of steps = 64
num of iterations in each step = 2929.077964
************************************
mean statistics in phase1:413.812500	96.531250	532.606080	531.408155	402.750938	311.917778	405.785889	373.899467	1260.031254	135.343750	150.515625	179.359375	185.843750	194.937500	178.250000	30.031250	44.093750	48.656250	61.109375	
END PHASE1 parameter:-5.187971	2.484478	0.313618	0.259993	0.718012	-0.461423	0.405021	0.047273	-0.068485	0.251751	2.576301	-0.048794	-0.689622	0.206739	-0.971898	0.420730	-2.431450	-0.023389	2.195914	
Phase 2 started


Subphase 0 started with a valued 0.010000

Subphase 0 has gone up to 226 steps
Parameter after Subphase 0:-4.98646	 3.09119	 0.31088	 0.15249	 0.77380	-0.45776	 0.48470	-0.04858	-0.09205	 0.59267	 2.61943	-0.18920	-0.51818	 0.08293	-0.99522	-0.00201	-2.53227	-0.21949	 1.43519	


Subphase 1 started with a valued 0.010000

Subphase 1 has gone up to 266 steps
Parameter after Subphase 1:-5.17006	 2.31950	 0.36636	 0.24269	 0.68694	-0.44843	 0.47191	 0.00768	-0.07292	 0.33458	 2.44826	-0.10854	-0.66364	 0.14145	-0.99234	 0.36420	-2.11217	 0.16479	 1.99345	


Subphase 2 started with a valued 0.005000

Subphase 2 has gone up to 366 steps
